1 0
0.9999901304280685 1.0932025741383732e-06
0.9999605221019081 4.370132254619201e-06
0.9999111761904045 9.822762630974068e-06
0.99984209464165 1.7437742047415782e-05
0.9997532801828658 2.719643206785539e-05
0.9996447363202946 3.9074961171589164e-05
0.9995164673390624 5.304429352499068e-05
0.9993684783030088 6.907031263147728e-05
0.9992007750544876 8.711391961829641e-05
0.9990133642141358 0.00010713114587750533
0.9988062531806126 0.00012907327973646823
0.9985794501303069 0.000152887006793125
0.9983329640170149 0.00017851456351194412
0.9980668045715863 0.00020589390363808972
0.99778098230154 0.00023495887695076554
0.9974755084906501 0.0002656394198407372
0.9971503951984995 0.00029786175716366007
0.9968056552600042 0.00033154861478759624
0.9964413022849068 0.0003666194422231415
0.996057350657239 0.00040299064469498407
0.9956538155347533 0.00044057582398699746
0.9952307128483255 0.0004792860273674347
0.9947880593013254 0.0005190300038778763
0.994325872368957 0.0005597144672483414
0.9938441702975689 0.0006012443646818427
0.993342972103934 0.0006435231507350729
0.992822297574499 0.0006864530655071363
0.9922821672646027 0.0007299354163362169
0.9917226024976649 0.0007738708621936187
0.9911436253643444 0.0008181596999574537
0.990545258721667 0.0008627021517427049
0.9899275261921234 0.0009073986524613888
0.989290452162736 0.0009521501367864199
0.9886340617840967 0.0009968583246940548
0.9879583809693737 0.0010414260047645954
0.9872634363932886 0.0010857573144272652
0.9865492554910633 0.0011297580163443074
0.985815866457337 0.0011733357701405704
0.9850632982450529 0.0012164003986984188
0.9842915805643155 0.001258864148253664
0.9835007438812176 0.0013006419415462086
0.9826908194166369 0.001341651623299235
0.9818618391450049 0.0013818141973230965
0.9810138357930429 0.0014210540545643508
0.9801468428384715 0.0014592991914465765
0.9792608945086879 0.001496481417877869
0.9783560257794153 0.0015325365543296134
0.9774322723733215 0.001567404617423075
0.9764896707586095 0.0016010299934933572
0.9755282581475768 0.0016333615996352389
0.9745480724951473 0.001664353031771355
0.9735491524973722 0.001693962699321223
0.9725315375899024 0.0017221539460876485
0.9714952679464323 0.0017488951570174512
0.9704403844771128 0.0017741598505340809
0.9693669288269371 0.0017979267561811635
0.9682749433740961 0.001820179877358748
0.9671644712283061 0.0018409085389767634
0.9660355562291054 0.0018601074198942242
0.9648882429441257 0.0018777765700555094
0.9637225766673307 0.0018939214122808562
0.962538603417229 0.0019085527287106318
0.9613363699350574 0.001921686631948537
0.9601159236829352 0.0019333445209924042
0.9588773128419905 0.0019435530220849526
0.9576205863104588 0.0019523439146604006
0.9563457937017514 0.00195975404260622
0.9550529853424978 0.0019658252111002866
0.9537422122705584 0.001970604069326625
0.9524135262330098 0.0019741419794123602
0.9510669796841014 0.001976494871968759
0.9497026257831855 0.001977723088657111
0.948320518392618 0.0019778912122379437
0.9469207120756319 0.0019770678845974737
0.9455032620941839 0.001975325613279783
0.9440682244067723 0.0019727405670862215
0.9426156556662276 0.0019693923613342064
0.9411456132174767 0.001965363833397997
0.9396581550952781 0.0019607408091804716
0.9381533400219317 0.001955611861191935
0.9366312274049601 0.0019500680589350588
0.9350918773347628 0.0019442027123166075
0.933535350582245 0.0019381111088272928
0.9319617085964176 0.0019318902452472209
0.9303710135019718 0.0019256385546510151
0.9287633280968262 0.0019194556294986672
0.9271387158496476 0.001913441941609608
0.925497240897346 0.0019076985598255637
0.9238389680425416 0.0019023268661739804
0.9221639627510075 0.0018974282713476276
0.9204722911490846 0.0018931039303168684
0.9187640200210709 0.001889454458890904
0.9170392168065856 0.0018865796520399153
0.9152979495979063 0.0018845782047851728
0.9135402871372809 0.0018835474364553599
0.9117662988142137 0.0018835830190975658
0.9099760546627261 0.0018847787108181805
0.908169625358592 0.001887226094814353
0.9063470822165469 0.0018910143248392708
0.9045084971874737 0.001896229877825376
0.9026539428555609 0.0019029563143683707
0.9007834924354383 0.001911274047750656
0.8988972197692855 0.0019212601221588934
0.8969951993239177 0.0019329880007213536
0.8950775061878452 0.0019465273639631495
0.8931442160683094 0.001961943919245638
0.891195405288294 0.0019792992217242122
0.8892311507835118 0.0019986505073247857
0.8872515300993669 0.0020200505382035345
0.8852566213878946 0.002043547461118009
0.8832465034046749 0.0020691846790995257
0.8812212555057239 0.0020970007367779172
0.879180957644361 0.002127029219669005
0.8771256903680519 0.002159298667695253
0.8750555348152298 0.002193832503166882
0.8729705727120911 0.0022306489734099854
0.8708708863693696 0.0022697611081834686
0.868756558679087 0.002311176691985173
0.8666276731112801 0.002354898251302609
0.8644843137107058 0.0024009230568205354
0.8623265650935233 0.0024492431405542655
0.8601545124439535 0.0024998453278333096
0.8579682415109156 0.0025527112840173756
0.8557678386046428 0.0026078175757829484
0.8535533905932737 0.002665135746777422
0.8513249848994247 0.0027246324073942983
0.8490827094967364 0.002786269338383905
0.8468266529064025 0.0028500036079718762
0.8445569041936742 0.0029157877021198115
0.8422735529643444 0.0029835696675241143
0.8399766893612096 0.0030532932669114516
0.8376664040605122 0.00312489814615478
0.83534278826836 0.0031983200126987337
0.8330059337171258 0.0032734908247513215
0.8306559326618259 0.0033503389906671885
0.8282928778764782 0.003428789577919124
0.8259168626504394 0.0035087645310263958
0.8235279807847222 0.00359018289778309
0.8211263265882922 0.003672961063106288
0.8187119948743449 0.0037570129898015833
0.8162850809565623 0.0038422504655247006
0.8138456806453502 0.003928583355199838
0.8113938902440563 0.004015919858140628
0.8089298065451672 0.0041041667691064775
0.8064535268264883 0.004193229742516291
0.8039651488473027 0.004283013559033199
0.8014647708445124 0.0043734223937279895
0.7989524915287595 0.004464360085025093
0.7964284100805297 0.00455573040363356
0.7938926261462366 0.004647437320666737
0.7913452398342881 0.004739385274157409
0.7887863517111338 0.004831479433181128
0.7862160627972955 0.004923625958808369
0.7836344745633783 0.005015732261116594
0.7810416889260653 0.005107707251505892
0.778437808244094 0.005199461589576699
0.7758229353142152 0.0052909079238454455
0.7731971733671346 0.005381961125592607
0.7705606260634379 0.005472538515159877
0.7679133974894983 0.005562560080035273
0.765255592153367 0.005651948684091702
0.7625873149806479 0.005740630267370284
0.7599086713103547 0.005828534035829846
0.7572197668907532 0.005915592640513816
0.7545207078751857 0.006001742345618828
0.7518116008178805 0.006086923184982405
0.7490925526697454 0.006171079106542916
0.7463636707741458 0.006254158104361442
0.7436250628626662 0.006336112337832793
0.7408768370508576 0.0064168982377521035
0.7381191018339696 0.006496476598943025
0.7353519660826664 0.00657481265919457
0.7325755390387292 0.006651876164295032
0.729789930310744 0.006727641418993213
0.7269952498697734 0.006802087323760692
0.7241916080450163 0.006875197397270671
0.7213791155194509 0.006946959784553222
0.7185578833254664 0.00701736725082934
0.7157280228404795 0.007086417161070184
0.7128896457825363 0.007154111445370363
0.7100428642059032 0.007220456550267861
0.7071877904966422 0.007285463376184874
0.7043245373681746 0.007349147201206515
0.7014532178568313 0.007411527591455256
0.6985739453173903 0.00747262829835961
0.6956868334186013 0.007532477143155435
0.6927919961386984 0.007591105888996518
0.6898895477609006 0.007648550101089044
0.6869796028689001 0.007704848995300084
0.6840622763423391 0.007760045275726506
0.6811376833522729 0.007814184961742193
0.6782059393566253 0.007867317205075483
0.6752671600956295 0.007919494097496942
0.6723214615872585 0.007970770469728125
0.6693689601226458 0.008021203682206369
0.6664097722614933 0.008070853408367714
0.6634440148274712 0.008119781411130764
0.6604718049036047 0.008168051313286276
0.6574932598276524 0.008215728362515523
0.6545084971874737 0.008262879191776321
0.651517634816387 0.008309571575810644
0.6485207907885174 0.008355874184538663
0.6455180834141359 0.008401856334114758
0.642509631234988 0.008447587736426482
0.6394955530196147 0.008493138247824833
0.6364759677586627 0.008538577617873931
0.6334509946601878 0.008583975238910184
0.6304207531449485 0.00862939989719811
0.6273853628416911 0.008674919526464573
0.6243449435824275 0.00872060096458767
0.6212996153977037 0.008766509714204914
0.6182494985118624 0.008812709707995903
0.6151947133382953 0.008859263079378139
0.6121353804746905 0.00890622993934053
0.6090716206982714 0.008953668160118862
0.6060035549610274 0.00900163316639757
0.6029313043849407 0.009050177734699261
0.5998549902572035 0.009099351801597832
0.5967747340254301 0.009149202281365615
0.5936906572928624 0.00919977289363429
0.5906028818135687 0.009251104001620688
0.5875115294876381 0.009303232461434637
0.5844167223563669 0.00935619148295353
0.5813185825974418 0.009410010502711634
0.5782172325201155 0.00946471506921664
0.5751127945603786 0.009520326741066159
0.572005391276126 0.00957686299819932
0.568895145342319 0.0096343371665768
0.5657821795461413 0.009692758356541997
0.5626666167821521 0.009752131415073386
0.5595485800474349 0.00981245689209563
0.5564281924367408 0.00987373102097315
0.5533055771376301 0.009935945713265844
0.5501808574256075 0.009999088567782574
0.5470541566592573 0.010063142893923703
0.5439255982753717 0.010128087749258538
0.5407953057840789 0.010193897991240396
0.5376634027639664 0.01026054434291657
0.534530012857203 0.010327993472447238
0.5313952597646567 0.010396208086203444
0.5282592672410122 0.01046514703517214
0.5251221590898848 0.010534765434353208
0.5219840591589324 0.010605014794793133
0.5188450913349674 0.010675843167858762
0.5157053795390643 0.010747195301316573
0.5125650477216688 0.01081901280674379
0.5094242198577041 0.010891234337762234
0.5062830199416763 0.010963795778549671
0.5031415719827795 0.011036630442051096
0.5 0.011109669277278918
0.4968584280172206 0.011182841085063108
0.49371698005832365 0.01125607274158194
0.49057578014229597 0.011329289428979279
0.48743495227833133 0.011402414872349744
0.48429462046093585 0.011475371582350576
0.48115490866503274 0.011548081102679648
0.4780159408410676 0.011620464261641667
0.4748778409101153 0.011692441427008256
0.47174073275898776 0.011763932763366122
0.46860474023534326 0.011834858491135431
0.4654699871427971 0.011905139146434165
0.4623365972360337 0.011974695840956971
0.45920469421592125 0.01204345052103499
0.45607440172462843 0.012111326225042619
0.45294584334074284 0.012178247338318203
0.4498191425743925 0.012244139844771455
0.44669442286237004 0.012308931574356363
0.4435718075632592 0.012372552445598525
0.4404514199525651 0.012434934702377817
0.43733338321784787 0.012496013144181455
0.4342178204538588 0.012555725349059944
0.431104854657681 0.012614011888537623
0.42799460872387385 0.01267081653375091
0.42488720543962144 0.01272608645211153
0.4217827674798845 0.012779772393818573
0.41868141740255815 0.012831828867570463
0.415583277643633 0.012882214304859925
0.4124884705123619 0.012930891212265441
0.4093971181864312 0.012977826311189163
0.4063093427071376 0.013022990664525402
0.40322526597456987 0.01306635978978268
0.40014500974279654 0.013107913758221665
0.39706869561505953 0.013147637279611536
0.3939964450389728 0.013185519772250378
0.39092837930172886 0.013221555417938055
0.3878646195253095 0.013255743201634931
0.3848052866617049 0.013288086935585374
0.38175050148813783 0.013318595267731312
0.3787003846022964 0.013347281674288503
0.3756550564175727 0.013374164436405992
0.372614637158309 0.013399266600876852
0.3695792468550516 0.013422615924918235
0.3665490053398124 0.01344424480508587
0.36352403224133745 0.013464190190437934
0.3605044469803854 0.01348249348011209
0.35749036876501195 0.013499200405526525
0.35448191658586414 0.013514360897465643
0.3514792092114827 0.013528028938356928
0.3484823651836131 0.013540262400093296
0.3454915028125263 0.013551122867800702
0.3425067401723477 0.013560675449995875
0.3395281950963953 0.013568988575622987
0.3365559851725288 0.013576133778500685
0.3335902277385068 0.013582185469752109
0.3306310398773543 0.013587220698830425
0.3276785384127415 0.013591318903790624
0.3247328399043705 0.013594561651494728
0.3217940606433747 0.01359703236847207
0.31886231664772713 0.013598816063189273
0.31593772365766104 0.013599999040514739
0.31302039713109986 0.013600668609191499
0.3101104522390995 0.013600912783157781
0.30720800386130176 0.013600819977579209
0.30431316658139873 0.013600478700477571
0.30142605468260975 0.013599977240860178
0.29854678214316865 0.013599403354270612
0.29567546263182554 0.013598843946694878
0.29281220950335796 0.013598384757768749
0.2899571357940969 0.013598110044240181
0.28711035421746367 0.013598102264646531
0.28427197715952046 0.01359844176616946
0.28144211667453367 0.013599206474630157
0.27862088448054934 0.013600471588585277
0.27580839195498397 0.013602309278478372
0.2730047501302266 0.01360478839179359
0.2702100696892561 0.013607974165146777
0.2674244609612708 0.013611927944236272
0.2646480339173337 0.013616706912558032
0.26188089816603033 0.013622363829771736
0.2591231629491423 0.013628946780581082
0.2563749371373337 0.01363649893496853
0.25363632922585433 0.013645058320596308
0.2509074473302546 0.013654657608156692
0.24818839918211966 0.013665323910422501
0.24547929212481434 0.013677078595713842
0.2427802331092468 0.013689937116461257
0.24009132868964522 0.01370390885350611
0.2374126850193521 0.013718996976738815
0.23474440784663286 0.013735198322631727
0.2320866025105015 0.013752503289180238
0.2294393739365621 0.013770895748718426
0.22680282663286544 0.01379035297902762
0.2241770646857849 0.01381084561310755
0.2215621917559062 0.013832337607928426
0.21895831107393482 0.013854786232430541
0.2163655254366219 0.013878142074985238
0.2137839372027046 0.013902349070477047
0.21121364828886624 0.013927344547111949
0.20865476016571205 0.013953059293002149
0.20610737385376354 0.013979417642521221
0.20357158991947033 0.014006337582367995
0.20104750847124075 0.014033730877221751
0.19853522915548782 0.014061503214813772
0.19603485115269748 0.014089554370186608
0.19354647317351192 0.014117778388854304
0.1910701934548329 0.014146063788523523
0.18860610975594383 0.014174293778980348
0.18615431935464977 0.014202346499693628
0.18371491904343773 0.0142300952746334
0.18128800512565513 0.014257408883751066
0.1788736734117078 0.014284151850517816
0.176472019215278 0.014310184744868249
0.1740831373495607 0.014335364500849773
0.1717071221235218 0.014359544748231314
0.1693440673381741 0.014382576157281952
0.16699406628287417 0.014404306795887549
0.16465721173164005 0.014424582498133947
0.16233359593948782 0.014443247243446852
0.16002331063879038 0.014460143545344343
0.15772644703565564 0.014475112848823338
0.15544309580632587 0.014487995935372505
0.15317334709359764 0.014498633334575042
0.15091729050326375 0.014506865741240105
0.14867501510057546 0.014512534436979365
0.14644660940672627 0.014515481715125303
0.14423216139535733 0.014515551307871633
0.14203175848908445 0.01451258881450239
0.13984548755604653 0.014506442129565656
0.13767343490647665 0.014496961869840687
0.13551568628929433 0.014484001798942294
0.13337232688872014 0.014467419248405687
0.13124344132091315 0.014447075534096292
0.1291291136306305 0.014422836366794633
0.1270294272879089 0.014394572255814099
0.1249444651847702 0.014362158904521414
0.12287430963194801 0.014325477596643179
0.120819042355639 0.0142844155722605
0.11877874449427606 0.01423886639241379
0.11675349659532519 0.01418873029126335
0.11474337861210548 0.014133914514778743
0.11274846990063314 0.014074333644958777
0.11076884921648833 0.01400990990861674
0.108804594711706 0.013940573469800793
0.1068557839316906 0.013866262704956873
0.1049224938121548 0.013786924459982692
0.10300480067608231 0.013702514288363166
0.1011027802307145 0.013612996669624513
0.09921650756456168 0.013518345207390241
0.09734605714443911 0.013418542806373453
0.09549150281252627 0.013313581827690334
0.09365291778345308 0.013203464221934795
0.09183037464140797 0.01308820163950798
0.09002394533727376 0.012967815517755341
0.08823370118578633 0.012842337144520393
0.08645971286271903 0.012711807697785743
0.08470205040209366 0.012576278261132272
0.08296078319341449 0.012435809814808813
0.08123597997892917 0.012290473202268424
0.07952770885091542 0.012140349072090174
0.07783603724899257 0.011985527795269171
0.07616103195745849 0.011826109357922217
0.07450275910265414 0.011662203229520897
0.07286128415035242 0.011493928206827654
0.07123667190317395 0.011321412233775438
0.06962898649802818 0.011144792197594603
0.06803829140358242 0.010964213701554823
0.06646464941775498 0.010779830814751217
0.06490812266523716 0.010591805799427137
0.06336877259504003 0.010400308816384884
0.061846659978068264 0.010205517609096805
0.06034184490472194 0.010007617167186286
0.058854386782523416 0.009806799370004544
0.057384344333772486 0.009603262611084934
0.05593177559322782 0.009397211404308374
0.054496737905816106 0.009188855972665395
0.05307928792436811 0.008978411820548496
0.051679481607382005 0.00876609929055575
0.05029737421681446 0.008552143105830166
0.048933020315898634 0.00833677189900154
0.04758647376699032 0.00812021772883648
0.04625778772944156 0.007902715585738108
0.04494701465750217 0.007684502887271281
0.043654206298248566 0.007465818964918616
0.042379413689541234 0.007246904543300996
0.041122687158009485 0.007028001213119948
0.03988407631706481 0.0068093508991006226
0.038663630064942556 0.006591195324232146
0.037461396582771034 0.006373775471616083
0.03627742333266937 0.006157331045245708
0.035111757055874326 0.005942099931046131
0.03396444377089458 0.005728317659509425
0.032835528771693934 0.005516216871260491
0.03172505662590386 0.005306026786886316
0.03063307117306291 0.005097972682354999
0.029559615522887217 0.004892275371342682
0.02850473205356774 0.004689150695771655
0.027468462410097594 0.00448880902584852
0.02645084750262794 0.004291454770870173
0.02545192750485281 0.004097285902042912
0.02447174185242318 0.003906493488533874
0.023510329241390626 0.0037192612479436376
0.02256772762667847 0.0035357651123566723
0.021643974220584727 0.003356172811091118
0.02073910549131197 0.0031806434712288974
0.019853157161528467 0.003009327236967612
0.01898616420695709 0.002842364908789455
0.01813816085499509 0.002679887603396492
0.01730918058336306 0.002522016435311575
0.016499256118782446 0.002368862220991438
0.015708419435684462 0.002220525206245802
0.014936701754947102 0.002077094817697642
0.014184133542663013 0.0019386494389631425
0.013450744508936685 0.0018052562121682767
0.012736563606711382 0.0016769708653570012
0.012041619030626283 0.001553837566283087
0.01136593821590326 0.0014358888030114808
0.010709547837263966 0.0013231452916897639
0.01007247380787657 0.0012156159117822068
0.009454741278333012 0.0011132976689916226
0.008856374635655695 0.0010161756860240095
0.008277397502335138 0.0009242232212831021
0.007717832735397279 0.0008374017155112958
0.007177702425500976 0.0007556608663232258
0.006657027896066037 0.000678938730509491
0.006155829702431115 0.0006071618539177765
0.005674127631043024 0.000540245428648826
0.005211940698674589 0.00047809347723710115
0.004769287151674462 0.0004205990634174087
0.004346184465246816 0.0003676445290119335
0.0039426493427611176 0.0003191017564056517
0.0035586977150932064 0.00027483245601554827
0.0031943447399958025 0.00023468847809233247
0.002849604801500538 0.0001985121481353951
0.0025244915093498577 0.00016613662514004552
0.002219017698460002 0.0001373862818385206
0.0019331954284137476 0.00011207710604075986
0.0016670359829851211 9.0017122127071e-05
0.0014205498696930885 7.100683169494748e-05
0.0011937468193874423 5.483967231077118e-05
0.0009866357858642205 4.130249327505861e-05
0.0007992249455124334 3.0176047262849698e-05
0.0006315216969912107 2.1235496664540315e-05
0.0004835326609375912 1.4250933409585241e-05
0.00035526367970539763 8.987911027461383e-06
0.0002467198171342 5.207987665411607e-06
0.00015790535835003006 2.6692787514175217e-06
8.882380959551739e-05 1.1270179793313123e-06
3.947789809188862e-05 3.341252508470209e-07
9.869571931497845e-06 4.1780212887970866e-08
0 0


1.0 0.0
0.9999901304280685 1.509231885222069e-06
0.9999605221019081 6.0365342305154225e-06
0.9999111761904045 1.3580728637667624e-05
0.99984209464165 2.413985621191041e-05
0.9997532801828658 3.7711185192374916e-05
0.9996447363202946 5.429122158806572e-05
0.9995164673390624 7.387572277326288e-05
0.9993684783030088 9.645971398342034e-05
0.9992007750544876 0.00012203750763936553
0.9990133642141358 0.00015060272541591785
0.9988062531806126 0.00018214832295833505
0.9985794501303069 0.0002166666171386667
0.9983329640170149 0.0002541493157325467
0.9980668045715863 0.000294587549386112
0.99778098230154 0.00033797190573252105
0.9974755084906501 0.000384292465507287
0.9971503951984995 0.00043353884050303444
0.9968056552600042 0.0004857002131947193
0.9964413022849068 0.0005407653778592632
0.996057350657239 0.0005987227830053809
0.9956538155347533 0.0006595605749233795
0.9952307128483255 0.0007232666421580519
0.9947880593013254 0.0007898286607035178
0.994325872368957 0.0008592341397136616
0.9938441702975689 0.0009314704675185717
0.993342972103934 0.0010065249577345988
0.992822297574499 0.0010843848952534858
0.9922821672646027 0.0011650375818953631
0.9917226024976649 0.001248470381509248
0.9911436253643444 0.0013346707643061872
0.990545258721667 0.0014236263502110387
0.9899275261921234 0.0015153249510210247
0.989290452162736 0.0016097546111630424
0.9886340617840967 0.0017069036468444865
0.9879583809693737 0.001806760683398269
0.9872634363932886 0.0019093146906274494
0.9865492554910633 0.002014555015961732
0.985815866457337 0.0021224714152449672
0.9850632982450529 0.0022330540809809133
0.9842915805643155 0.002346293667872934
0.9835007438812176 0.002462181315502875
0.9826908194166369 0.0025807086680041747
0.9818618391450049 0.0027018678905949764
0.9810138357930429 0.0028256516828485258
0.9801468428384715 0.0029520532885893742
0.9792608945086879 0.003081066502317146
0.9783560257794153 0.003212685672071492
0.9774322723733215 0.0033469056986660953
0.9764896707586095 0.0034837220312325264
0.9755282581475768 0.003623130659029401
0.9745480724951473 0.0037651280994862105
0.9735491524973722 0.003909711382466165
0.9725315375899024 0.004056878030746999
0.9714952679464323 0.004206626036733648
0.9704403844771128 0.00435895383543215
0.9693669288269371 0.004513860273728687
0.9682749433740961 0.004671344576033359
0.9671644712283061 0.004831406306362966
0.9660355562291054 0.004994045326952437
0.9648882429441257 0.005159261753498616
0.9637225766673307 0.005327055907155795
0.962538603417229 0.005497428263415536
0.9613363699350574 0.005670379398017867
0.9601159236829352 0.0058459099300549305
0.9588773128419905 0.00602402046244015
0.9576205863104588 0.0062047115199298656
0.9563457937017514 0.006387983484895957
0.9550529853424978 0.006573836531059395
0.9537422122705584 0.006762270555406039
0.9524135262330098 0.006953285108516047
0.9510669796841014 0.007146879323547835
0.9497026257831855 0.007343051844126227
0.948320518392618 0.007541800751392989
0.9469207120756319 0.007743123490484333
0.9455032620941839 0.007947016796707061
0.9440682244067723 0.008153476621690204
0.9426156556662276 0.008362498059793522
0.9411456132174767 0.008574075275057824
0.9396581550952781 0.008788201428985117
0.9381533400219317 0.009004868609437578
0.9366312274049601 0.009224067760945961
0.9350918773347628 0.0094457886167168
0.933535350582245 0.009670019632627048
0.9319617085964176 0.009896747923492396
0.9303710135019718 0.010125959201891853
0.9287633280968262 0.010357637719827189
0.9271387158496476 0.010591766213489973
0.925497240897346 0.010828325851402967
0.9238389680425416 0.0110672961861951
0.9221639627510075 0.011308655110260496
0.9204722911490846 0.011552378815543359
0.9187640200210709 0.011798441757679563
0.9170392168065856 0.012046816624714933
0.9152979495979063 0.012297474310607967
0.9135402871372809 0.01255038389371193
0.9117662988142137 0.012805512620417082
0.9099760546627261 0.013062825894119764
0.908169625358592 0.013322287269669069
0.9063470822165469 0.01358385845342644
0.9045084971874737 0.013847499309056113
0.9026539428555609 0.01411316786914792
0.9007834924354383 0.014380820352754776
0.8988972197692855 0.014650411188910376
0.8969951993239177 0.014921893046172025
0.8950775061878452 0.015195216868215818
0.8931442160683094 0.015470331915490722
0.891195405288294 0.0157471858129186
0.8892311507835118 0.0160257246036072
0.8872515300993669 0.01630589280852271
0.8852566213878946 0.01658763349204781
0.8832465034046749 0.016870888333331665
0.8812212555057239 0.017155597703316705
0.879180957644361 0.01744170074730773
0.8771256903680519 0.017729135472928415
0.8750555348152298 0.01801783884329017
0.8729705727120911 0.01830774687517941
0.8708708863693696 0.018598794742049184
0.868756558679087 0.018890916881583078
0.8666276731112801 0.0191840471075807
0.8644843137107058 0.01947811872589626
0.8623265650935233 0.019773064654144575
0.8601545124439535 0.02006881754487297
0.8579682415109156 0.020365309911880774
0.8557678386046428 0.02066247425935433
0.8535533905932737 0.02096024321347062
0.8513249848994247 0.021258549656109443
0.8490827094967364 0.021557326860302855
0.8468266529064025 0.02185650862703765
0.8445569041936742 0.02215602942301826
0.8422735529643444 0.022455824518987342
0.8399766893612096 0.022755830128193575
0.8376664040605122 0.02305598354458968
0.83534278826836 0.023356223280337887
0.8330059337171258 0.023656489202195794
0.8306559326618259 0.02395672266635262
0.8282928778764782 0.024256866651283692
0.8259168626504394 0.024556865888191177
0.8235279807847222 0.02485666698859915
0.8211263265882922 0.02515621856867376
0.8187119948743449 0.0254554713698426
0.8162850809565623 0.025754378375292212
0.8138456806453502 0.026052894921928783
0.8113938902440563 0.026350978807394593
0.8089298065451672 0.026648590391741913
0.8064535268264883 0.026945692693375635
0.8039651488473027 0.02724225147888784
0.8014647708445124 0.027538235346420126
0.7989524915287595 0.027833615802203202
0.7964284100805297 0.028128367329938973
0.7938926261462366 0.028422467452706168
0.7913452398342881 0.02871589678708851
0.7887863517111338 0.029008639089242946
0.7862160627972955 0.029300681292644997
0.7836344745633783 0.02959201353726945
0.7810416889260653 0.029882629189985778
0.778437808244094 0.030172524855970773
0.7758229353142152 0.030461700380964213
0.7731971733671346 0.030750158844217387
0.7705606260634379 0.03103790654200975
0.7679133974894983 0.031324952961634414
0.765255592153367 0.031611310745779476
0.7625873149806479 0.031896995647258924
0.7599086713103547 0.03218202647407438
0.7572197668907532 0.03246642502481608
0.7545207078751857 0.03275021601444014
0.7518116008178805 0.03303342699048645
0.7490925526697454 0.03331608823983047
0.7463636707741458 0.03359823268609032
0.7436250628626662 0.03387989577783895
0.7408768370508576 0.03416111536779904
0.7381191018339696 0.0344419315832269
0.7353519660826664 0.034722386687719
0.7325755390387292 0.03500252493470214
0.729789930310744 0.03528239241289523
0.7269952498697734 0.035562036884057485
0.7241916080450163 0.03584150761336303
0.7213791155194509 0.03612085519276743
0.7185578833254664 0.03640013135775602
0.7157280228404795 0.036679388797887326
0.7128896457825363 0.03695868096156756
0.7100428642059032 0.03723806185551372
0.7071877904966422 0.03751758583938352
0.7043245373681746 0.03779730741606961
0.7014532178568313 0.03807728101817393
0.6985739453173903 0.038357560791194956
0.6956868334186013 0.03863820037397605
0.6927919961386984 0.03891925267697799
0.6898895477609006 0.03920076965895051
0.6869796028689001 0.03948280210259009
0.6840622763423391 0.03976539938978056
0.6811376833522729 0.0400486092770213
0.6782059393566253 0.04033247767165422
0.6752671600956295 0.04061704840950632
0.6723214615872585 0.040902363034567735
0.6693689601226458 0.041188460581325685
0.6664097722614933 0.04147537736037691
0.6634440148274712 0.041763146747936575
0.6604718049036047 0.04205179897986057
0.6574932598276524 0.04234136095079101
0.6545084971874737 0.042631856019028545
0.651517634816387 0.042923303817725786
0.6485207907885174 0.04321572007298613
0.6455180834141359 0.04350911642943942
0.642509631234988 0.04380350028385193
0.6394955530196147 0.04409887462731321
0.6364759677586627 0.04439523789652375
0.6334509946601878 0.04469258383468978
0.6304207531449485 0.04499090136250997
0.6273853628416911 0.04529017445971749
0.6243449435824275 0.04559038205761681
0.6212996153977037 0.045891497943030116
0.6182494985118624 0.04619349067404151
0.6151947133382953 0.04649632350789961
0.6121353804746905 0.04679995434141064
0.6090716206982714 0.047104335664123254
0.6060035549610274 0.0474094145245762
0.6029313043849407 0.04771513250984659
0.5998549902572035 0.048021425738604295
0.5967747340254301 0.04832822486784378
0.5936906572928624 0.04863545511342941
0.5906028818135687 0.04894303628455576
0.5875115294876381 0.04925088283218708
0.5844167223563669 0.049558903911505164
0.5813185825974418 0.04986700345835642
0.5782172325201155 0.05017508027965274
0.5751127945603786 0.050483028157642496
0.572005391276126 0.050790735967931336
0.568895145342319 0.051098087811094275
0.5657821795461413 0.05140496315768317
0.5626666167821521 0.05171123700639683
0.5595485800474349 0.052016780055143694
0.5564281924367408 0.052321458884691
0.5533055771376301 0.05262513615455772
0.5501808574256075 0.05292767081077384
0.5470541566592573 0.0532289183050937
0.5439255982753717 0.053528730825217155
0.5407953057840789 0.053826957535539614
0.5376634027639664 0.05412344482792044
0.534530012857203 0.054418036581927655
0.5313952597646567 0.05471057443398843
0.5282592672410122 0.05500089805484565
0.5251221590898848 0.05528884543469457
0.5219840591589324 0.05557425317534824
0.5188450913349674 0.055856956788755845
0.5157053795390643 0.056136791001176994
0.5125650477216688 0.05641359006229329
0.5094242198577041 0.05668718805852092
0.5062830199416763 0.056957419229769844
0.5031415719827795 0.05722411828888156
0.5 0.05748712074296253
0.4968584280172206 0.05774626321582125
0.49371698005832365 0.058001383770706065
0.49057578014229597 0.05825232223253473
0.48743495227833133 0.058498920508802205
0.48429462046093585 0.058741022908348775
0.48115490866503274 0.05897847645717196
0.4780159408410676 0.05921113121046584
0.4748778409101153 0.059438840560075465
0.47174073275898776 0.05966146153656046
0.46860474023534326 0.05987885510506872
0.4654699871427971 0.06009088645423344
0.4623365972360337 0.060297425277316755
0.45920469421592125 0.060498346044839585
0.45607440172462843 0.06069352826795352
0.45294584334074284 0.0608828567518286
0.4498191425743925 0.061066221838353044
0.44669442286237004 0.06124351963746238
0.4435718075632592 0.06141465224644135
0.4404514199525651 0.061579527956568285
0.43733338321784787 0.061738061446499515
0.4342178204538588 0.061890173961822975
0.431104854657681 0.062035793480241304
0.42799460872387385 0.062174854861878605
0.42488720543962144 0.06230729998424013
0.4217827674798845 0.062433077861391774
0.41868141740255815 0.06255214474696233
0.415583277643633 0.06266446422061353
0.4124884705123619 0.06277000725766088
0.4093971181864312 0.06286875228157174
0.4063093427071376 0.06296068519910886
0.40322526597456987 0.06304579941793129
0.40014500974279654 0.06312409584650908
0.39706869561505953 0.06319558287625272
0.3939964450389728 0.06326027634580407
0.39092837930172886 0.0633181994874813
0.3878646195253095 0.06336938285591638
0.3848052866617049 0.06341386423897048
0.38175050148813783 0.0634516885510584
0.3787003846022964 0.06348290770905987
0.3756550564175727 0.0635075804910424
0.372614637158309 0.06352577237806392
0.3695792468550516 0.06353755537937238
0.3665490053398124 0.06354300784136055
0.36352403224133745 0.06354221424068122
0.3605044469803854 0.06353526496197015
0.35749036876501195 0.0635222560606661
0.35448191658586414 0.06350328901146017
0.3514792092114827 0.0634784704429449
0.3484823651836131 0.06344791185907425
0.3454915028125263 0.06341172934808197
0.3425067401723477 0.06337004327954261
0.3395281950963953 0.06332297799029347
0.3365559851725288 0.06327066145996871
0.3335902277385068 0.06321322497692772
0.3306310398773543 0.06315080279538919
0.3276785384127415 0.06308353178460913
0.3247328399043705 0.06301155107096618
0.3217940606433747 0.06293500167384083
0.31886231664772713 0.06285402613619562
0.31593772365766104 0.06276876815078153
0.31302039713109986 0.06267937218291288
0.3101104522390995 0.06258598309076586
0.30720800386130176 0.06248874574416751
0.30431316658139873 0.06238780464285092
0.30142605468260975 0.062283303535158784
0.29854678214316865 0.062175385038180764
0.29567546263182554 0.06206419026031228
0.29281220950335796 0.06194985842721999
0.2899571357940969 0.061832526512196104
0.28711035421746367 0.06171232887187662
0.28427197715952046 0.06158939688829018
0.28144211667453367 0.061463858618191515
0.27862088448054934 0.06133583845062035
0.27580839195498397 0.061205456773609127
0.2730047501302266 0.06107282965094418
0.2702100696892561 0.060938068509862685
0.2674244609612708 0.060801279840544405
0.2646480339173337 0.060662564908229834
0.26188089816603033 0.06052201947876862
0.2591231629491423 0.060379733558369966
0.2563749371373337 0.06023579114829482
0.25363632922585433 0.060090270015192876
0.2509074473302546 0.059943241477751825
0.24818839918211966 0.059794770210285536
0.24547929212481434 0.059644914063848156
0.2427802331092468 0.05949372390541691
0.24009132868964522 0.059341243475643894
0.2374126850193521 0.059187509265629414
0.23474440784663286 0.05903255041312337
0.2320866025105015 0.058876388618512084
0.2294393739365621 0.05871903808089884
0.22680282663286544 0.058560505454534534
0.2241770646857849 0.058400789825804794
0.2215621917559062 0.05823988271092594
0.21895831107393482 0.05807776807445022
0.2163655254366219 0.05791442236862669
0.2137839372027046 0.057749814593610255
0.21121364828886624 0.05758390637845758
0.20865476016571205 0.05741665208279362
0.20610737385376354 0.057247998918979304
0.20357158991947033 0.05707788709455609
0.20104750847124075 0.05690624997469032
0.19853522915548782 0.056733014264285904
0.19603485115269748 0.056558100209383476
0.19354647317351192 0.05638142181740965
0.1910701934548329 0.05620288709579163
0.18860610975594383 0.05602239830840142
0.18615431935464977 0.05583985224924503
0.18371491904343773 0.055655140532765796
0.18128800512565513 0.05546814990008407
0.1788736734117078 0.05527876254045143
0.176472019215278 0.055086856427155585
0.1740831373495607 0.05489230566707012
0.1717071221235218 0.05469498086300557
0.1693440673381741 0.054494749487980255
0.16699406628287417 0.05429147627049529
0.16465721173164005 0.054085023589865576
0.16233359593948782 0.05387525188062757
0.16002331063879038 0.05366202004501812
0.15772644703565564 0.05344518587249189
0.15544309580632587 0.05322460646522326
0.15317334709359764 0.05300013866851758
0.15091729050326375 0.052771639505039915
0.14867501510057546 0.05253896661175435
0.14644660940672627 0.05230197867845451
0.14423216139535733 0.052060535886758394
0.14203175848908445 0.05181450034843243
0.13984548755604653 0.05156373654190803
0.13767343490647665 0.05130811174585279
0.13551568628929433 0.05104749646866085
0.13337232688872014 0.05078176487273317
0.13124344132091315 0.05051079519242595
0.1291291136306305 0.05023447014455767
0.1270294272879089 0.04995267733037877
0.1249444651847702 0.04966530962792568
0.12287430963194801 0.049372265573699906
0.120819042355639 0.049073449732637185
0.11877874449427606 0.04876877305535574
0.11675349659532519 0.04845815322170139
0.11474337861210548 0.04814151496963839
0.11274846990063314 0.04781879040856796
0.11076884921648833 0.0474899193161922
0.108804594711706 0.047154849418079424
0.1068557839316906 0.04681353664912772
0.1049224938121548 0.04646594539616619
0.10300480067608231 0.04611204872097773
0.1011027802307145 0.04575182856307491
0.09921650756456168 0.04538527592160838
0.09734605714443911 0.04501239101583865
0.09549150281252627 0.044633183423652925
0.09365291778345308 0.04424767219766414
0.09183037464140797 0.04385588595848197
0.09002394533727376 0.0434578629648048
0.08823370118578633 0.04305365116003561
0.08645971286271903 0.04264330819518604
0.08470205040209366 0.04222690142789035
0.08296078319341449 0.04180450789741054
0.08123597997892917 0.041376214275575515
0.07952770885091542 0.04094211679365656
0.07783603724899257 0.04050232114524232
0.07616103195745849 0.04005694236523787
0.07450275910265414 0.03960610468517305
0.07286128415035242 0.03914994136506489
0.07123667190317395 0.03868859450213994
0.06962898649802818 0.03822221481678104
0.06803829140358242 0.037750961416122775
0.06646464941775498 0.03727500153577538
0.06490812266523716 0.03679451026021715
0.06336877259504003 0.03630967022244699
0.061846659978068264 0.035820671283546
0.06034184490472194 0.035327710192848756
0.058854386782523416 0.03483099022947495
0.057384344333772486 0.034330720826023356
0.05593177559322782 0.03382711717527605
0.054496737905816106 0.03332039982080725
0.05307928792436811 0.03281079423243361
0.051679481607382005 0.03229853036748486
0.05029737421681446 0.03178384221891142
0.048933020315898634 0.03126696735128275
0.04758647376699032 0.03074814642576357
0.04625778772944156 0.03022762271518576
0.04494701465750217 0.02970564161036297
0.043654206298248566 0.02918245011881934
0.042379413689541234 0.028658296357127425
0.041122687158009485 0.02813342903806937
0.03988407631706481 0.02760809695385231
0.038663630064942556 0.02708254845662278
0.037461396582771034 0.026557030937534445
0.03627742333266937 0.02603179030563226
0.035111757055874326 0.025507070467819606
0.03396444377089458 0.024983112811175313
0.032835528771693934 0.02446015568888679
0.03172505662590386 0.023938433911059313
0.03063307117306291 0.02341817824165203
0.029559615522887217 0.02289961490278256
0.02850473205356774 0.022382965087623014
0.027468462410097594 0.021868444483096362
0.02645084750262794 0.021356262803558453
0.02545192750485281 0.020846623336627748
0.02447174185242318 0.02033972250229855
0.023510329241390626 0.01983574942644258
0.02256772762667847 0.019334885529770727
0.021643974220584727 0.018837304133294052
0.02073910549131197 0.018343170081280516
0.019853157161528467 0.0178526393826679
0.01898616420695709 0.017365858871846062
0.01813816085499509 0.016882965889679656
0.01730918058336306 0.016404087985592196
0.016499256118782446 0.01592934264148259
0.015708419435684462 0.015458837018195663
0.014936701754947102 0.014992667725210667
0.014184133542663013 0.01453092061415952
0.013450744508936685 0.014073670596727102
0.012736563606711382 0.013620981487428083
0.012041619030626283 0.013172905871694968
0.01136593821590326 0.012729484999650093
0.010709547837263966 0.012290748705872984
0.01007247380787657 0.011856715355410406
0.009454741278333012 0.011427391816213743
0.008856374635655695 0.011002773458122665
0.008277397502335138 0.010582844178451102
0.007717832735397279 0.010167576454164622
0.007177702425500976 0.009756931420574605
0.006657027896066037 0.009350858976409573
0.006155829702431115 0.008949297915058694
0.005674127631043024 0.008552176081719905
0.005211940698674589 0.008159410556118194
0.004769287151674462 0.007770907860401493
0.004346184465246816 0.0073865641917556
0.0039426493427611176 0.0070062656792203165
0.0035586977150932064 0.0066298886641304
0.0031943447399958025 0.0062573000035438826
0.002849604801500538 0.005888357395967338
0.0025244915093498577 0.005522909728629004
0.002219017698460002 0.005160797445500375
0.0019331954284137476 0.00480185293521283
0.0016670359829851211 0.004445900937970812
0.0014205498696930885 0.004092758970509859
0.0011937468193874423 0.0037422377681107654
0.0009866357858642205 0.003394141742631529
0.0007992249455124334 0.003048269455484842
0.0006315216969912107 0.0027044141044482986
0.0004835326609375912 0.0023623640231616224
0.00035526367970539763 0.0020219031921346053
0.0002467198171342 0.0016828117600575787
0.00015790535835003006 0.0013448665741874
8.882380959551739e-05 0.0010078417185483111
3.947789809188862e-05 0.0006715090586814756
9.869571931497845e-06 0.000335638791652694
0.0 -0.0
9.869571931497845e-06 -0.00033555523122691806
3.947789809188862e-05 -0.0006708408081797816
8.882380959551739e-05 -0.0010055876825896485
0.00015790535835003006 -0.001339528016684565
0.00024671981713408897 -0.0016723957847267555
0.00035526367970550865 -0.0020039273700796826
0.0004835326609375912 -0.002333862156342452
0.0006315216969912107 -0.002661943111119218
0.0007992249455124334 -0.0029879173609591424
0.0009866357858641095 -0.003311536756081412
0.0011937468193874423 -0.003632558423489223
0.0014205498696930885 -0.003950745307119964
0.0016670359829851211 -0.00426586669371667
0.0019331954284136366 -0.00457769872313131
0.002219017698460002 -0.004886024881823334
0.0025244915093498577 -0.005190636478348913
0.002849604801500538 -0.005491333099696548
0.0031943447399958025 -0.005787923047359218
0.0035586977150932064 -0.006080223752099304
0.0039426493427610065 -0.006368062166409013
0.004346184465246594 -0.006651275133731733
0.004769287151674462 -0.006929709733566675
0.005211940698674589 -0.0072032236016439915
0.005674127631043024 -0.007471685224422253
0.006155829702431115 -0.007734974207223141
0.006657027896066037 -0.007992981515390591
0.007177702425500865 -0.008245609687928153
0.007717832735397279 -0.00849277302314203
0.008277397502335138 -0.008734397735884898
0.008856374635655584 -0.008970422086074646
0.009454741278333012 -0.009200796478230498
0.01007247380787657 -0.009425483531845993
0.010709547837263855 -0.009644458122493456
0.01136593821590326 -0.009857707393627131
0.012041619030626283 -0.010065230739128794
0.012736563606711382 -0.01026703975671408
0.013450744508936685 -0.010463158172390548
0.014184133542663124 -0.010653621736233234
0.014936701754947102 -0.010838478089815383
0.015708419435684462 -0.01101778660570406
0.016499256118782446 -0.011191618199499712
0.01730918058336295 -0.011360055114969046
0.01813816085499509 -0.011523190682886672
0.01898616420695709 -0.011681129054267152
0.01985315716152858 -0.011833984908732676
0.02073910549131197 -0.011981883138822721
0.021643974220584727 -0.012124958511111816
0.02256772762667847 -0.012263355305057382
0.023510329241390515 -0.012397226930555304
0.02447174185242318 -0.012526735525230802
0.02545192750485281 -0.012652051532541925
0.026450847502627717 -0.012773353261818107
0.027468462410097594 -0.012890826431399322
0.02850473205356785 -0.013004663696079704
0.029559615522887217 -0.013115064160097195
0.03063307117306291 -0.013222232876942032
0.03172505662590375 -0.013326380337286682
0.032835528771693934 -0.013427721946365807
0.03396444377089458 -0.013526477492156463
0.035111757055874326 -0.013622870605727344
0.03627742333266948 -0.013717128215140846
0.037461396582771034 -0.013809479994302279
0.038663630064942556 -0.013900157808158488
0.0398840763170647 -0.013989395155651063
0.04112268715800926 -0.014077426611829473
0.04237941368954101 -0.014164487270525432
0.043654206298248344 -0.014250812188982106
0.04494701465750195 -0.014336635835820408
0.046257787729441446 -0.014422191543709545
0.04758647376699021 -0.014507710968090613
0.048933020315898634 -0.014593423553279673
0.05029737421681446 -0.014679556007251094
0.051679481607382005 -0.01476633178637336
0.053079287924368 -0.01485397059133662
0.054496737905815884 -0.014942687875476458
0.055931775593227595 -0.0150326943666593
0.057384344333772264 -0.01512419560385349
0.058854386782523305 -0.015217391489465864
0.06034184490472172 -0.015312475858476185
0.061846659978068264 -0.015409636065352386
0.06336877259503981 -0.015509052589677217
0.06490812266523704 -0.015610898661362876
0.06646464941775498 -0.015715339906272944
0.0680382914035822 -0.015822534013013128
0.06962898649802796 -0.015932630421591838
0.07123667190317384 -0.016045770034589065
0.0728612841503522 -0.01616208495140958
0.07450275910265391 -0.01628169822613126
0.07616103195745838 -0.016404723649393438
0.07783603724899235 -0.016531265554703977
0.07952770885091542 -0.01666141864947621
0.08123597997892906 -0.016795267871038667
0.08296078319341427 -0.016932888267792913
0.08470205040209366 -0.01707434490562581
0.08645971286271892 -0.017219692799614553
0.0882337011857861 -0.017368976870994823
0.09002394533727376 -0.017522231929294117
0.09183037464140797 -0.01767948267946601
0.09365291778345286 -0.017840743753794547
0.09549150281252627 -0.018006019768272256
0.09734605714443889 -0.018175305403091743
0.09921650756456168 -0.0183485855068279
0.10110278023071428 -0.018525835223825882
0.1030048006760822 -0.0187070201442514
0.10492249381215468 -0.01889209647620081
0.1068557839316906 -0.019081011239213973
0.10880459471170578 -0.019273702478477837
0.11076884921648822 -0.019470099498958723
0.11274846990063292 -0.019670123118650403
0.11474337861210548 -0.0198736859400809
0.11675349659532497 -0.02008069263917469
0.11877874449427583 -0.020291040270528162
0.120819042355639 -0.020504618588116186
0.12287430963194801 -0.020721310380413548
0.1249444651847702 -0.020940991818882853
0.1270294272879089 -0.02116353281875057
0.1291291136306303 -0.021388797410968403
0.13124344132091315 -0.021616644124233364
0.13337232688871992 -0.021846926375921796
0.1355156862892941 -0.022079492870776263
0.13767343490647654 -0.02231418800617142
0.13984548755604642 -0.02255085228277672
0.14203175848908423 -0.022789322719427647
0.14423216139535722 -0.02302943327101513
0.14644660940672605 -0.0232710152482039
0.14867501510057535 -0.02351389773779562
0.15091729050326363 -0.023757908022559705
0.15317334709359764 -0.024002871999367494
0.15544309580632576 -0.024248614594478253
0.15772644703565541 -0.024494960174845214
0.16002331063879027 -0.024741732954329434
0.16233359593948782 -0.024988757393733865
0.16465721173163983 -0.02523585859359768
0.16699406628287417 -0.025482862678720193
0.1693440673381741 -0.02572959717341635
0.1717071221235218 -0.02597589136654294
0.1740831373495606 -0.02622157666537057
0.17647201921527778 -0.026466486937419088
0.17887367341170757 -0.026710458839415797
0.18128800512565535 -0.02695333213258194
0.18371491904343773 -0.027194949983498997
0.18615431935465 -0.027435159249857774
0.18860610975594372 -0.02767381075044072
0.19107019345483267 -0.027910759518744586
0.1935464731735117 -0.02814586503970104
0.19603485115269725 -0.02837899146901026
0.1985352291554876 -0.02861000783465836
0.20104750847124042 -0.028838788220246818
0.20357158991947055 -0.029065211929820103
0.20610737385376332 -0.02928916363393686
0.20865476016571205 -0.02951053349678932
0.21121364828886624 -0.029729217284233684
0.2137839372027044 -0.02994511645265616
0.2163655254366219 -0.030158138218656216
0.2189583110739346 -0.030368195609589137
0.22156219175590608 -0.03057520749506909
0.2241770646857848 -0.030779098599589695
0.22680282663286544 -0.030979799496479294
0.2294393739365621 -0.031177246583461986
0.23208660251050173 -0.03137138204015161
0.23474440784663297 -0.03156215376785992
0.2374126850193523 -0.03174951531215178
0.24009132868964533 -0.031933425768631674
0.24278023310924657 -0.0321138496724944
0.24547929212481456 -0.03229075687242047
0.24818839918211943 -0.03246412238944053
0.25090744733025483 -0.03263392626143844
0.2536363292258541 -0.03280015337400026
0.25637493713733406 -0.03296279327835776
0.2591231629491424 -0.0331218399972078
0.26188089816603055 -0.03327729181922515
0.2646480339173338 -0.03342915108311377
0.2674244609612706 -0.03357742395207186
0.2702100696892562 -0.03372212017956913
0.2730047501302266 -0.033863252867357
0.2758083919549841 -0.03400083821665238
0.2786208844805491 -0.034134895273449796
0.2814421166745338 -0.0342654456689312
0.2842719771595206 -0.03439251335595126
0.287110354217464 -0.03451612434258356
0.2899571357940969 -0.03463630642371574
0.29281220950335785 -0.034753088911682495
0.29567546263182565 -0.03486650236692252
0.29854678214316865 -0.03497657832963954
0.30142605468260975 -0.03508334905343843
0.30431316658139873 -0.03518684724189578
0.30720800386130187 -0.03528710578900909
0.31011045223909917 -0.0353841575244503
0.31302039713109964 -0.03547803496452988
0.3159377236576608 -0.03556877006975205
0.31886231664772713 -0.03565639400981707
0.32179406064337446 -0.03574093693689669
0.3247328399043705 -0.03582242776797672
0.3276785384127412 -0.03590089397702788
0.330631039877354 -0.03597636139772834
0.33359022773850655 -0.0360488540374235
0.3365559851725284 -0.03611839390296734
0.3395281950963951 -0.0361850008390475
0.34250674017234717 -0.03624869237955086
0.3454915028125263 -0.03630948361248056
0.34848236518361286 -0.03636738705888766
0.35147920921148246 -0.03642241256623104
0.3544819165858639 -0.036474567216528885
0.3574903687650115 -0.036523855249613046
0.3605044469803853 -0.03657027800174597
0.3635240322413371 -0.03661383385980536
0.36654900533981216 -0.03665451823118881
0.36957924685505117 -0.03669232352953591
0.3726146371583088 -0.03672723917631022
0.37565505641757246 -0.03675925161823041
0.37870038460229627 -0.036788344360482866
0.3817505014881375 -0.036814498015595776
0.3848052866617042 -0.036837690367799734
0.38786461952530926 -0.03685789645264652
0.3909283793017284 -0.03687508865160519
0.3939964450389726 -0.036889236801303314
0.3970686956150591 -0.03690030831702965
0.40014500974279654 -0.03690826833006575
0.40322526597456965 -0.03691307983836593
0.4063093427071376 -0.036914703870058053
0.4093971181864311 -0.03691309965919341
0.4124884705123619 -0.03690822483313
0.415583277643633 -0.03690003561089368
0.41868141740255793 -0.0368884870118214
0.4217827674798844 -0.03687353307375463
0.4248872054396211 -0.03685512708001707
0.42799460872387396 -0.036833221794376786
0.4311048546576808 -0.03680776970316606
0.4342178204538587 -0.036778723263703086
0.43733338321784765 -0.036746035158136604
0.4404514199525651 -0.03670965855181265
0.4435718075632591 -0.036669547355244296
0.4466944228623697 -0.03662565648874965
0.4498191425743925 -0.03657794214881013
0.4529458433407425 -0.03652636207519219
0.4560744017246283 -0.03647087581786828
0.4592046942159209 -0.036411445002769605
0.4623365972360336 -0.03634803359540281
0.46546998714279697 -0.03628060816136511
0.4686047402353435 -0.03620913812279786
0.47174073275898754 -0.03613359600982822
0.47487784091011487 -0.03605395770605895
0.4780159408410676 -0.035970202687182505
0.4811549086650324 -0.035882314251812666
0.48429462046093574 -0.035790279743647624
0.487434952278331 -0.035694090764102716
0.49057578014229586 -0.03559374337457617
0.49371698005832365 -0.035489238287542184
0.4968584280172206 -0.03538058104569503
0.5 -0.03526778218840469
0.5031415719827792 -0.03515085740477937
0.5062830199416763 -0.0350298276726705
0.5094242198577039 -0.03490471938299645
0.5125650477216688 -0.03477556444880571
0.515705379539064 -0.03464240039854385
0.5188450913349674 -0.03450527045303832
0.5219840591589324 -0.03436422358576197
0.5251221590898849 -0.03421931456598815
0.5282592672410122 -0.03407060398450137
0.5313952597646565 -0.033918158261581545
0.5345300128572028 -0.03376204963703318
0.5376634027639662 -0.0336023561420873
0.5407953057840789 -0.03343916155305882
0.5439255982753715 -0.03327255532670008
0.5470541566592573 -0.033102632517246294
0.5501808574256073 -0.03292949367520869
0.5533055771376301 -0.03275324472802603
0.5564281924367407 -0.0325739968427447
0.5595485800474347 -0.03239186627095243
0.5626666167821521 -0.032206974176250056
0.5657821795461411 -0.03201944644459918
0.568895145342319 -0.031829413477940674
0.572005391276126 -0.031637009971532695
0.5751127945603787 -0.03144237467551018
0.5782172325201154 -0.031245650141219463
0.5813185825974418 -0.031046982452933154
0.584416722356367 -0.030846520945598106
0.5875115294876379 -0.030644417909317805
0.5906028818135687 -0.030440828281314388
0.5936906572928622 -0.030235909326160833
0.5967747340254301 -0.03002982030511255
0.5998549902572035 -0.02982272213540863
0.6029313043849407 -0.029614777040448067
0.6060035549610272 -0.02940614819178106
0.6090716206982714 -0.02919699934388553
0.6121353804746905 -0.02898749446272958
0.6151947133382956 -0.028777797349143333
0.6182494985118623 -0.0285680712580497
0.6212996153977035 -0.028358478514620287
0.6243449435824275 -0.028149180128441472
0.627385362841691 -0.027940335406788343
0.6304207531449486 -0.027732101568113753
0.6334509946601878 -0.02752463335686941
0.6364759677586629 -0.027318082660775886
0.6394955530196147 -0.027112598131663546
0.6425096312349883 -0.026908324810998967
0.6455180834141361 -0.026705403761209907
0.6485207907885173 -0.026503971703908804
0.6515176348163871 -0.026304160666104498
0.6545084971874737 -0.026106097635475903
0.6574932598276526 -0.025909904225759964
0.6604718049036047 -0.025715696353288017
0.6634440148274714 -0.025523583925675046
0.6664097722614932 -0.02533367054364148
0.669368960122646 -0.025146053216912947
0.6723214615872586 -0.024960822095111485
0.6752671600956295 -0.024778060214512437
0.6782059393566255 -0.02459784326150325
0.6811376833522726 -0.024420239353536915
0.6840622763423392 -0.02424530883832755
0.6869796028689001 -0.02407310411198992
0.6898895477609008 -0.02390366945677242
0.6927919961386979 -0.023737040898984953
0.695686833418601 -0.02357324608766518
0.69857394531739 -0.023412304194475736
0.7014532178568311 -0.02325422583526342
0.7043245373681741 -0.02309901301365658
0.7071877904966419 -0.022946659087013772
0.7100428642059029 -0.022797148754977997
0.712889645782536 -0.022650458070826836
0.7157280228404792 -0.022506554475746957
0.718557883325466 -0.02236539685609734
0.7213791155194507 -0.022226935623660984
0.7241916080450159 -0.022091112818821687
0.7269952498697734 -0.0219578622365361
0.7297899303107436 -0.021827109574908802
0.7325755390387292 -0.02169877260611208
0.735351966082666 -0.02157276136932986
0.7381191018339692 -0.02144897838534085
0.7408768370508574 -0.021327318892294833
0.7436250628626659 -0.021207671102173368
0.7463636707741457 -0.021089916477367437
0.7490925526697452 -0.020973930026744636
0.7518116008178803 -0.020859580620521637
0.7545207078751854 -0.020746731323202487
0.7572197668907532 -0.020635239743788447
0.7599086713103547 -0.020524958402414688
0.7625873149806475 -0.020415735112518357
0.7652555921533668 -0.020307413377596072
0.767913397489498 -0.020199832801563868
0.7705606260634379 -0.020092829511689995
0.7731971733671343 -0.019986236593032173
0.7758229353142152 -0.019879884533273322
0.7784378082440937 -0.019773601676817375
0.7810416889260652 -0.019667214686973994
0.7836344745633781 -0.019560549015036264
0.7862160627972954 -0.01945342937502826
0.7887863517111335 -0.01934568022288069
0.7913452398342877 -0.019237126238773692
0.7938926261462365 -0.019127592811372694
0.7964284100805294 -0.019016906522671854
0.7989524915287594 -0.018904895632153015
0.8014647708445122 -0.018791390558964147
0.8039651488473027 -0.018676224360821444
0.8064535268264881 -0.018559233208343053
0.8089298065451671 -0.018440256853528958
0.8113938902440561 -0.018319139091113337
0.81384568064535 -0.018195728211529108
0.816285080956562 -0.01806987744424281
0.8187119948743447 -0.017941445390239435
0.8211263265882922 -0.017810296442461182
0.823527980784722 -0.01767630119303297
0.8259168626504394 -0.017539336826138386
0.828292877876478 -0.017399287495445444
0.8306559326618259 -0.01725604468501824
0.8330059337171258 -0.01710950755269315
0.8353427882683597 -0.01695958325494042
0.8376664040605122 -0.01680618725228012
0.8399766893612095 -0.016649243594370672
0.8422735529643444 -0.016488685183939113
0.844556904193674 -0.016324454018778637
0.8468266529064026 -0.0161565014110939
0.8490827094967361 -0.015984788183535045
0.8513249848994247 -0.015809284841320846
0.8535533905932737 -0.015629971719915776
0.8557678386046423 -0.015446839107788433
0.8579682415109156 -0.015259887343846023
0.8601545124439531 -0.01506912688920635
0.8623265650935235 -0.014874578373036044
0.8644843137107057 -0.014676272612255188
0.8666276731112801 -0.014474250604975482
0.8687565586790869 -0.014268563497612732
0.8708708863693697 -0.014059272525682247
0.8729705727120911 -0.01384644892835944
0.8750555348152296 -0.013630173836956408
0.877125690368052 -0.01341053813753791
0.8791809576443608 -0.01318764230796972
0.8812212555057239 -0.01296159622976087
0.8832465034046748 -0.012732518975132614
0.8852566213878947 -0.012500538569811792
0.8872515300993669 -0.01226579173211564
0.8892311507835118 -0.012028423588957629
0.891195405288294 -0.011788587369470176
0.8931442160683094 -0.011546444076999446
0.8950775061878451 -0.011302162140289519
0.8969951993239176 -0.011055917044729318
0.8988972197692855 -0.010807890944592589
0.9007834924354383 -0.010558272257253464
0.9026539428555611 -0.010307255240411178
0.9045084971874737 -0.010055039553405361
0.9063470822165471 -0.009801829803747898
0.908169625358592 -0.009547835080040363
0.909976054662726 -0.009293268472483403
0.9117662988142137 -0.00903834658222195
0.9135402871372809 -0.00878328902080121
0.9152979495979063 -0.008528317901037622
0.9170392168065855 -0.008273657320635102
0.9187640200210709 -0.008019532839897755
0.9204722911490846 -0.007766170954909622
0.9221639627510076 -0.007513798567565241
0.9238389680425416 -0.007262642453847139
0.9254972408973461 -0.0070129287317518395
0.9271387158496476 -0.006764882330270757
0.9287633280968262 -0.006518726460829854
0.9303710135019718 -0.006274682092589822
0.9319617085964176 -0.0060329674329979545
0.933535350582245 -0.0057937974149724625
0.9350918773347627 -0.005557383192083584
0.9366312274049602 -0.005323931643075844
0.9381533400219317 -0.005093644887053708
0.9396581550952783 -0.004866719810624174
0.9411456132174767 -0.004643347608261831
0.9426156556662275 -0.004423713337125109
0.9440682244067724 -0.004207995487517761
0.9455032620941839 -0.003996365570147495
0.946920712075632 -0.0037889877212893856
0.948320518392618 -0.0035860183269171017
0.9497026257831855 -0.003387605666812005
0.9510669796841014 -0.0031938895796103173
0.9524135262330098 -0.0030050011496913264
0.9537422122705586 -0.002821062416752788
0.9550529853424978 -0.002642186108858822
0.9563457937017514 -0.0024684753996835167
0.9576205863104588 -0.0023000236906090643
0.9588773128419907 -0.002136914418270245
0.9601159236829351 -0.001979220888070122
0.9613363699350574 -0.0018270061341207928
0.962538603417229 -0.001680322805994273
0.9637225766673305 -0.0015392130825940824
0.9648882429441255 -0.0014037086133875973
0.9660355562291054 -0.0012738304871639892
0.9671644712283058 -0.0011495892284094395
0.9682749433740963 -0.0010309848213158627
0.9693669288269369 -0.0009180067613663599
0.9704403844771126 -0.0008106341343639883
0.9714952679464322 -0.0007088357226987457
0.9725315375899024 -0.0006125701385717014
0.9735491524973721 -0.0005217859838237195
0.9745480724951472 -0.0004364220359435004
0.9755282581475768 -0.0003564074597589232
0.9764896707586093 -0.000281662044245812
0.9774322723733215 -0.00021209646381994518
0.9783560257794153 -0.00014761256341226536
0.9792608945086878 -8.810366656140814e-05
0.9801468428384714 -3.3454905696221175e-05
0.9810138357930429 1.6456426280175997e-05
0.9818618391450049 6.176050405121651e-05
0.9826908194166368 0.00010259457859429533
0.9835007438812176 0.00013910256758954229
0.9842915805643155 0.0001714346286343939
0.9850632982450529 0.00019974671641592422
0.9858158664573369 0.00022420012503617377
0.9865492554910631 0.00024496101672688304
0.9872634363932886 0.0002621999382270809
0.9879583809693737 0.0002760913261309217
0.9886340617840967 0.000286813002543623
0.9892904521627359 0.00029454566240979743
0.9899275261921234 0.0002994723539017527
0.990545258721667 0.0003017779532743712
0.9911436253643444 0.0003016486356087201
0.9917226024976649 0.00029927134287798917
0.9922821672646027 0.00029483325077707075
0.9928222975744989 0.00028852123576078684
0.993342972103934 0.000280521343735547
0.9938441702975689 0.0002710182618451137
0.994325872368957 0.00026019479478302124
0.9947880593013254 0.0002482313470522348
0.9952307128483255 0.00023530541257681757
0.9956538155347534 0.0002215910730506154
0.9960573506572388 0.00020725850638458722
0.9964413022849068 0.00019247350658701984
0.9968056552600042 0.00017739701638047319
0.9971503951984995 0.00016218467382428565
0.9974755084906501 0.00014698637417418729
0.99778098230154 0.00013194584816901005
0.9980668045715864 0.00011720025789006749
0.9983329640170149 0.00010287981129134152
0.9985794501303069 8.910739644758328e-05
0.9988062531806126 7.599823651460141e-05
0.9990133642141359 6.365956633909282e-05
0.9992007750544876 5.219033159722728e-05
0.9993684783030088 4.168091127953422e-05
0.9995164673390624 3.221286427671848e-05
0.9996447363202945 2.3858700755112606e-05
0.9997532801828659 1.6681678943335863e-05
0.99984209464165 1.0735627882921155e-05
0.9999111761904045 6.064796624280512e-06
0.9999605221019081 2.7037302787229786e-06
0.9999901304280685 6.771732630546773e-07
1 0
