1 0
0.9999901304280685 1.1179010033544546e-06
0.9999605221019081 4.471081022505243e-06
0.9999111761904045 1.005797248023253e-05
0.99984209464165 1.7875967394535454e-05
0.9997532801828658 2.792142433337707e-05
0.9996447363202946 4.018967812007162e-05
0.9995164673390624 5.4675052258550346e-05
0.9993684783030088 7.137087403886657e-05
0.9992007750544876 9.026949227469945e-05
0.9990133642141358 0.00011136229761638337
0.9988062531806126 0.00013463974537454503
0.9985794501303069 0.00016009138078168907
0.9983329640170149 0.00018770586661098456
0.9980668045715863 0.00021747101306420104
0.99778098230154 0.0002493738098334244
0.9974755084906501 0.0002834004602340909
0.9971503951984995 0.0003195364173005538
0.9968056552600042 0.00035776642172865626
0.9964413022849068 0.00039807454154439017
0.996057350657239 0.0004404442133716501
0.9956538155347533 0.0004848582851674639
0.9952307128483255 0.0005312990602876282
0.9947880593013254 0.00057974834274246
0.994325872368957 0.0006301874834973498
0.9938441702975689 0.0006825974276702176
0.993342972103934 0.0007369587624747058
0.992822297574499 0.0007932517657554918
0.9922821672646027 0.0008514564549604664
0.9917226024976649 0.0009115526363923505
0.9911436253643444 0.0009735199545821931
0.990545258721667 0.00103733794162612
0.9899275261921234 0.0011029860663267952
0.989290452162736 0.0011704437829820622
0.9886340617840967 0.0012396905796634506
0.9879583809693737 0.001310706025829534
0.9872634363932886 0.0013834698191206836
0.9865492554910633 0.0014579618311844143
0.985815866457337 0.0015341621523835111
0.9850632982450529 0.0016120511352425166
0.9842915805643155 0.0016916094364921998
0.9835007438812176 0.0017728180575758835
0.9826908194166369 0.0018556583834863278
0.9818618391450049 0.001940112219807098
0.9810138357930429 0.002026161827838083
0.9801468428384715 0.0021137899576905645
0.9792608945086879 0.002202979879244073
0.9783560257794153 0.0022937154108633854
0.9774322723733215 0.0023859809457817517
0.9764896707586095 0.0024797614760632457
0.9755282581475768 0.002575042614065176
0.9745480724951473 0.0026718106113290483
0.9735491524973722 0.0027700523748372136
0.9725315375899024 0.002869755480580088
0.9714952679464323 0.0029709081843878006
0.9704403844771128 0.0030734994299888075
0.9693669288269371 0.0031775188542664846
0.9682749433740961 0.0032829567896940845
0.9671644712283061 0.0033898042639370785
0.9660355562291054 0.0034980529966214405
0.9648882429441257 0.0036076953932745463
0.9637225766673307 0.0037187245364558755
0.962538603417229 0.00383113417410219
0.9613363699350574 0.003944918705121775
0.9601159236829352 0.004060073162281216
0.9588773128419905 0.004176593192436081
0.9576205863104588 0.004294475034166356
0.9563457937017514 0.00441371549288563
0.9550529853424978 0.0045343119135007395
0.9537422122705584 0.004656262150707276
0.9524135262330098 0.004779564537013607
0.9510669796841014 0.004904217848593672
0.9497026257831855 0.005030221269075684
0.948320518392618 0.005157574351381235
0.9469207120756319 0.005286276977734979
0.9455032620941839 0.005416329317971776
0.9440682244067723 0.005547731786273637
0.9426156556662276 0.005680484996473975
0.9411456132174767 0.005814589716071692
0.9396581550952781 0.005950046819101994
0.9381533400219317 0.006086857238014674
0.9366312274049601 0.006225021914714445
0.9350918773347628 0.006364541750920241
0.933535350582245 0.006505417558003692
0.9319617085964176 0.006647650006468375
0.9303710135019718 0.006791239575233364
0.9287633280968262 0.006936186500885355
0.9271387158496476 0.007082490727064097
0.925497240897346 0.007230151854146024
0.9238389680425416 0.0073791690893903255
0.9221639627510075 0.007529541197710364
0.9204722911490846 0.007681266453232196
0.9187640200210709 0.00783434259179946
0.9170392168065856 0.007988766764581417
0.9152979495979063 0.008144535492937813
0.9135402871372809 0.008301644624690583
0.9117662988142137 0.008460089291948322
0.9099760546627261 0.008619863870624914
0.908169625358592 0.008780961941788575
0.9063470822165469 0.008943376254972267
0.9045084971874737 0.009107098693570305
0.9026539428555609 0.009272120242440174
0.9007834924354383 0.00943843095782096
0.8988972197692855 0.009606019939674032
0.8969951993239177 0.00977487530654278
0.8950775061878452 0.009944984173021768
0.8931442160683094 0.010116332629916736
0.891195405288294 0.01028890572716896
0.8892311507835118 0.010462687459608919
0.8872515300993669 0.010637660755595359
0.8852566213878946 0.01081380746858665
0.8832465034046749 0.010991108371682781
0.8812212555057239 0.011169543155166297
0.879180957644361 0.011349090427061535
0.8771256903680519 0.01152972771672204
0.8750555348152298 0.011711431481446035
0.8729705727120911 0.011894177116110996
0.8708708863693696 0.012077938965807923
0.868756558679087 0.012262690341447145
0.8666276731112801 0.012448403538297561
0.8644843137107058 0.012635049857411977
0.8623265650935233 0.012822599629881954
0.8601545124439535 0.013011022243856493
0.8579682415109156 0.013200286174250002
0.8557678386046428 0.013390359015056018
0.8535533905932737 0.013581207514175308
0.8513249848994247 0.013772797610657798
0.8490827094967364 0.013965094474251153
0.8468266529064025 0.014158062547139938
0.8445569041936742 0.014351665587752874
0.8422735529643444 0.014545866716508834
0.8399766893612096 0.014740628463365022
0.8376664040605122 0.014935912817025705
0.83534278826836 0.015131681275663245
0.8330059337171258 0.01532789489899883
0.8306559326618259 0.01552451436158496
0.8282928778764782 0.015721500007127773
0.8259168626504394 0.01591881190368365
0.8235279807847222 0.01611640989956098
0.8211263265882922 0.01631425367975565
0.8187119948743449 0.01651230282274631
0.8162850809565623 0.01671051685747416
0.8138456806453502 0.016908855320330582
0.8113938902440563 0.017107277811975685
0.8089298065451672 0.017305744053810898
0.8064535268264883 0.01750421394392899
0.8039651488473027 0.017702647612366482
0.8014647708445124 0.017901005475484847
0.7989524915287595 0.018099248289309398
0.7964284100805297 0.0182973372016572
0.7938926261462366 0.018495233802889303
0.7913452398342881 0.018692900175125787
0.7887863517111338 0.01889029893976729
0.7862160627972955 0.019087393303170858
0.7836344745633783 0.01928414710033411
0.7810416889260653 0.019480524836447063
0.778437808244094 0.01967649172617767
0.7758229353142152 0.01987201373056405
0.7731971733671346 0.02006705759139308
0.7705606260634379 0.020261590862953552
0.7679133974894983 0.020455581941059356
0.765255592153367 0.020649000089247197
0.7625873149806479 0.020841815462061597
0.7599086713103547 0.021033999125349426
0.7572197668907532 0.021225523073495213
0.7545207078751857 0.021416360243538553
0.7518116008178805 0.021606484526124098
0.7490925526697454 0.021795870773245293
0.7463636707741458 0.02198449480275292
0.7436250628626662 0.0221723333996098
0.7408768370508576 0.022359364313883596
0.7381191018339696 0.022545566255480095
0.7353519660826664 0.022730918885629867
0.7325755390387292 0.022915402805151926
0.729789930310744 0.023098999539528032
0.7269952498697734 0.023281691520832794
0.7241916080450163 0.023463462066573616
0.7213791155194509 0.023644295355506367
0.7185578833254664 0.023824176400501378
0.7157280228404795 0.024003091018545232
0.7128896457825363 0.024181025797972946
0.7100428642059032 0.024357968063034904
0.7071877904966422 0.02453390583591173
0.7043245373681746 0.02470882779629931
0.7014532178568313 0.024882723238694802
0.6985739453173903 0.025055582027522037
0.6956868334186013 0.025227394550243223
0.6927919961386984 0.025398151668610446
0.6898895477609006 0.025567844668217588
0.6869796028689001 0.025736465206519725
0.6840622763423391 0.025904005259493056
0.6811376833522729 0.026070457067113143
0.6782059393566253 0.026235813077834843
0.6752671600956295 0.026400065892261085
0.6723214615872585 0.026563208206191805
0.6693689601226458 0.026725232753246578
0.6664097722614933 0.026886132247258353
0.6634440148274712 0.02704589932463624
0.6604718049036047 0.027204526486897508
0.6574932598276524 0.027362006043569576
0.6545084971874737 0.02751833005566201
0.651517634816387 0.027673490279909188
0.6485207907885174 0.02782747811398198
0.6455180834141359 0.027980284542865733
0.642509631234988 0.028131900086598636
0.6394955530196147 0.028282314749562384
0.6364759677586627 0.028431517971512214
0.6334509946601878 0.028579498580529907
0.6304207531449485 0.02872624474807812
0.6273853628416911 0.02887174394632862
0.6243449435824275 0.029015982907931327
0.6212996153977037 0.02915894758838406
0.6182494985118624 0.02930062313115577
0.6151947133382953 0.029440993835708237
0.6121353804746905 0.029580043128553106
0.6090716206982714 0.02971775353747219
0.6060035549610274 0.029854106669019956
0.6029313043849407 0.029989083189417207
0.5998549902572035 0.03012266280893534
0.5967747340254301 0.0302548242698598
0.5936906572928624 0.030385545338110678
0.5906028818135687 0.03051480279858745
0.5875115294876381 0.03064257245429322
0.5844167223563669 0.030768829129282603
0.5813185825974418 0.030893546675465004
0.5782172325201155 0.031016697983283728
0.5751127945603786 0.031138254996278425
0.572005391276126 0.03125818872952667
0.568895145342319 0.031376469291947894
0.5657821795461413 0.03149306591244062
0.5626666167821521 0.03160794696981109
0.5595485800474349 0.03172108002643994
0.5564281924367408 0.03183243186562035
0.5533055771376301 0.03194196853248943
0.5501808574256075 0.03204965537846269
0.5470541566592573 0.03215545710906914
0.5439255982753717 0.03225933783507358
0.5407953057840789 0.03236126112676078
0.5376634027639664 0.03246119007124551
0.534530012857203 0.032559087332661774
0.5313952597646567 0.032654915215073854
0.5282592672410122 0.032748635727942364
0.5251221590898848 0.03284021065396877
0.5219840591589324 0.03292960161913272
0.5188450913349674 0.03301677016472834
0.5157053795390643 0.033101677821197356
0.5125650477216688 0.03318428618354955
0.5094242198577041 0.0332645569881546
0.5062830199416763 0.03334245219068234
0.5031415719827795 0.03341793404496369
0.5 0.03349096518253905
0.4968584280172206 0.033561508692656714
0.49371698005832365 0.03362952820248086
0.49057578014229597 0.0336949879572645
0.48743495227833133 0.03375785290024241
0.48429462046093585 0.03381808875199585
0.48115490866503274 0.03387566208904134
0.4780159408410676 0.03393054042139572
0.4748778409101153 0.03398269226886977
0.47174073275898776 0.034032087235845415
0.46860474023534326 0.03407869608429251
0.4654699871427971 0.03412249080478576
0.4623365972360337 0.034163444685285003
0.45920469421592125 0.03420153237744719
0.45607440172462843 0.034236729960243635
0.45294584334074284 0.03426901500066232
0.4498191425743925 0.034298366611281696
0.44669442286237004 0.03432476550450951
0.4435718075632592 0.03434819404328946
0.4404514199525651 0.03436863628808584
0.43733338321784787 0.034386078039967155
0.4342178204538588 0.034400506879619014
0.431104854657681 0.034411912202127345
0.42799460872387385 0.03442028524738486
0.42488720543962144 0.03442561912598444
0.4217827674798845 0.03442790884047701
0.41868141740255815 0.034427151301882106
0.415583277643633 0.03442334534135507
0.4124884705123619 0.03441649171692638
0.4093971181864312 0.034406593115243744
0.4063093427071376 0.034393654148261926
0.40322526597456987 0.03437768134483933
0.40014500974279654 0.03435868313721599
0.39706869561505953 0.034336669842362166
0.3939964450389728 0.03431165363820259
0.39092837930172886 0.03428364853473612
0.3878646195253095 0.03425267034008697
0.3848052866617049 0.03421873662153821
0.38175050148813783 0.03418186666161481
0.3787003846022964 0.03414208140929789
0.3756550564175727 0.03409940342646847
0.372614637158309 0.034053856829692836
0.3695792468550516 0.03400546722747804
0.3665490053398124 0.03395426165313982
0.36352403224133745 0.03390026849344044
0.3605044469803854 0.03384351741316781
0.35749036876501195 0.033784039275841074
0.35448191658586414 0.03372186606074171
0.3514792092114827 0.0336570307764814
0.3484823651836131 0.033589567371331154
0.3454915028125263 0.0335195106405478
0.3425067401723477 0.03344689613094508
0.3395281950963953 0.03337176004296806
0.3365559851725288 0.033294139130538566
0.3335902277385068 0.03321407059895016
0.3306310398773543 0.0331315920010985
0.3276785384127415 0.033046741132342045
0.3247328399043705 0.03295955592429459
0.3217940606433747 0.03287007433785753
0.31886231664772713 0.032778334255805786
0.31593772365766104 0.03268437337524537
0.31302039713109986 0.03258822910026514
0.3101104522390995 0.03248993843510752
0.30720800386130176 0.03238953787818548
0.30431316658139873 0.0322870633172742
0.30142605468260975 0.03218254992620575
0.29854678214316865 0.03207603206339443
0.29567546263182554 0.03196754317251928
0.29281220950335796 0.0318571156856865
0.2899571357940969 0.03174478092939238
0.28711035421746367 0.03163056903360129
0.28427197715952046 0.03151450884424932
0.28144211667453367 0.03139662783947639
0.27862088448054934 0.03127695204988317
0.27580839195498397 0.031155505983100983
0.2730047501302266 0.031032312552952555
0.2702100696892561 0.030907393013473314
0.2674244609612708 0.03078076689805037
0.2646480339173337 0.030652451963925458
0.26188089816603033 0.03052246414229548
0.2591231629491423 0.030390817494230785
0.2563749371373337 0.030257524172617647
0.25363632922585433 0.030122594390315793
0.2509074473302546 0.02998603639470779
0.24818839918211966 0.029847856448799094
0.24547929212481434 0.029708058819012954
0.2427802331092468 0.02956664576980496
0.24009132868964522 0.02942361756520618
0.2374126850193521 0.02927897247738368
0.23474440784663286 0.02913270680229033
0.2320866025105015 0.02898481488245483
0.2294393739365621 0.02883528913694519
0.22680282663286544 0.028684120098517632
0.2241770646857849 0.02853129645794405
0.2215621917559062 0.028376805115490324
0.21895831107393482 0.02822063123949771
0.2163655254366219 0.028062758331999296
0.2137839372027046 0.02790316830128274
0.21121364828886624 0.027741841541290745
0.20865476016571205 0.02757875701772968
0.20610737385376354 0.027413892360737546
0.20357158991947033 0.027247223963941726
0.20104750847124075 0.027078727089717917
0.19853522915548782 0.026908375980441795
0.19603485115269748 0.026736143975506686
0.19354647317351192 0.026562003633860985
0.1910701934548329 0.02638592686180189
0.18860610975594383 0.026207885045743985
0.18615431935464977 0.02602784918966439
0.18371491904343773 0.025845790056909547
0.18128800512565513 0.025661678316033765
0.1788736734117078 0.025475484690323756
0.176472019215278 0.02528718011065005
0.1740831373495607 0.025096735871272223
0.1717071221235218 0.024904123788212905
0.1693440673381741 0.024709316359803446
0.16699406628287417 0.024512286928993578
0.16465721173164005 0.024313009847008363
0.16233359593948782 0.02411146063792564
0.16002331063879038 0.023907616163741256
0.15772644703565564 0.0237014547894812
0.15544309580632587 0.0234929565479155
0.15317334709359764 0.02328210330342345
0.15091729050326375 0.02306887891455721
0.14867501510057546 0.0228532693948482
0.14644660940672627 0.02263526307140004
0.14423216139535733 0.022414850740812176
0.14203175848908445 0.022192025821979246
0.13984548755604653 0.021966784505314543
0.13767343490647665 0.021739125897949435
0.13551568628929433 0.02150905216446538
0.13337232688872014 0.021276568662721963
0.13124344132091315 0.021041684074351225
0.1291291136306305 0.020804410529497636
0.1270294272879089 0.020564763725392135
0.1249444651847702 0.020322763038360468
0.12287430963194801 0.020078431628876826
0.120819042355639 0.01983179653928842
0.11877874449427606 0.019582888783849124
0.11675349659532519 0.019331743430716995
0.11474337861210548 0.019078399675585826
0.11274846990063314 0.018822900906638435
0.11076884921648833 0.018565294760527637
0.108804594711706 0.018305633169109485
0.1068557839316906 0.01804397239667409
0.1049224938121548 0.017780373067439285
0.10300480067608231 0.017514900183094262
0.1011027802307145 0.017247623130202696
0.09921650756456168 0.01697861567729759
0.09734605714443911 0.01670795596152373
0.09549150281252627 0.016435726464707312
0.09365291778345308 0.016162013978758067
0.09183037464140797 0.015886909560332348
0.09002394533727376 0.015610508474713371
0.08823370118578633 0.01533291012888841
0.08645971286271903 0.015054217993830124
0.08470205040209366 0.014774539516015407
0.08296078319341449 0.01449398601824012
0.08123597997892917 0.014212672589816436
0.07952770885091542 0.013930717966264558
0.07783603724899257 0.013648244398637304
0.07616103195745849 0.013365377512642166
0.07450275910265414 0.013082246157752279
0.07286128415035242 0.012798982246521973
0.07123667190317395 0.012515720584349485
0.06962898649802818 0.0122325986899534
0.06803829140358242 0.01194975660685495
0.06646464941775498 0.011667336706180982
0.06490812266523716 0.01138548348112768
0.06336877259504003 0.011104343333445895
0.061846659978068264 0.010824064352332888
0.06034184490472194 0.010544796086135748
0.058854386782523416 0.010266689307291587
0.057384344333772486 0.009989895770951286
0.05593177559322782 0.009714567967749797
0.054496737905816106 0.00944085887120577
0.05307928792436811 0.009168921680248679
0.051679481607382005 0.008898909557387778
0.05029737421681446 0.008630975363051721
0.048933020315898634 0.008365271386640526
0.04758647376699032 0.008101949074844426
0.04625778772944156 0.007841158757794281
0.04494701465750217 0.007583049373618365
0.043654206298248566 0.007327768191988018
0.042379413689541234 0.007075460537242593
0.041122687158009485 0.006826269511688453
0.03988407631706481 0.006580335719672292
0.038663630064942556 0.006337796993030945
0.037461396582771034 0.006098788118521638
0.03627742333266937 0.005863440567836583
0.035111757055874326 0.0056318822308049805
0.03396444377089458 0.005404237152381149
0.032835528771693934 0.005180625274015329
0.03172505662590386 0.004961162179996207
0.03063307117306291 0.004745958849347963
0.029559615522887217 0.004535121413856582
0.02850473205356774 0.0043287509227887926
0.027468462410097594 0.004126943114857715
0.02645084750262794 0.003929788197974819
0.02545192750485281 0.0037373706373153067
0.02447174185242318 0.0035497689522082827
0.023510329241390626 0.0033670555223459277
0.02256772762667847 0.00318929640378921
0.021643974220584727 0.0030165511552289366
0.02073910549131197 0.0028488726749389646
0.019853157161528467 0.002686307048839957
0.01898616420695709 0.0025288934100675953
0.01813816085499509 0.0023766638104170176
0.01730918058336306 0.0022296431040113637
0.016499256118782446 0.0020878488435155888
0.015708419435684462 0.0019512911891933788
0.014936701754947102 0.0018199728310752047
0.014184133542663013 0.0016938889244809841
0.013450744508936685 0.00157302703911082
0.012736563606711382 0.0014573671218887797
0.012041619030626283 0.001346881473716862
0.01136593821590326 0.0012415347402645015
0.010709547837263966 0.001141283916890527
0.01007247380787657 0.0010460783677629874
0.009454741278333012 0.0009558598592129203
0.008856374635655695 0.0008705626073250211
0.008277397502335138 0.0007901133397398077
0.007717832735397279 0.0007144313716095814
0.007177702425500976 0.0006434286956186232
0.006657027896066037 0.0005770100859492887
0.006155829702431115 0.0005150732160440347
0.005674127631043024 0.00045750878998185567
0.005211940698674589 0.00040420068725979547
0.004769287151674462 0.00035502612073896184
0.004346184465246816 0.0003098558074858737
0.0039426493427611176 0.00026855415221043854
0.0035586977150932064 0.0002309794429769382
0.0031943447399958025 0.00019698405883153414
0.002849604801500538 0.00016641468896881877
0.0025244915093498577 0.0001391125630312443
0.002219017698460002 0.00011491369211060311
0.0019331954284137476 9.364911999737479e-05
0.0016670359829851211 7.514518419998771e-05
0.0014205498696930885 5.922378623642553e-05
0.0011937468193874423 4.570267067485973e-05
0.0009866357858642205 3.439571238682748e-05
0.0007992249455124334 2.5113211451726573e-05
0.0006315216969912107 1.7662195140677808e-05
0.0004835326609375912 1.1846726383261518e-05
0.00035526367970539763 7.468218115732998e-06
0.0002467198171342 4.3257528902778015e-06
0.00015790535835003006 2.216407108222764e-06
8.882380959551739e-05 9.355792494319254e-07
3.947789809188862e-05 2.773214291829909e-07
9.869571931497845e-06 3.467363905799428e-08
0 0


1.0 0.0
0.9999901304280685 2.7641958610524507e-06
0.9999605221019081 1.10556637987974e-05
0.9999111761904045 2.4871047272166165e-05
0.99984209464165 4.420476002178048e-05
0.9997532801828658 6.904899801064768e-05
0.9996447363202946 9.939375609372607e-05
0.9995164673390624 0.0001352268493697831
0.9993684783030088 0.00017653393915594646
0.9992007750544876 0.00022329856351132582
0.9990133642141358 0.00027550217222465674
0.9988062531806126 0.0003331241661672978
0.9985794501303069 0.0003961419409014325
0.9983329640170149 0.00046453093442102764
0.9980668045715863 0.0005382646788916171
0.99778098230154 0.0006173148562441388
0.9974755084906501 0.0007016513574665813
0.9971503951984995 0.0007912423454281515
0.9968056552600042 0.0008860543210592537
0.9964413022849068 0.0009860521927030088
0.996057350657239 0.0010911993484438267
0.9956538155347533 0.0012014577312115648
0.9952307128483255 0.0013167879164509009
0.9947880593013254 0.0014371491921402113
0.994325872368957 0.0015624996409364393
0.9938441702975689 0.001692796224217399
0.993342972103934 0.0018279948677879293
0.992822297574499 0.0019680505490116103
0.9922821672646027 0.0021129173851269474
0.9917226024976649 0.002262548722502397
0.9911436253643444 0.0024168972265840682
0.990545258721667 0.00257591497228741
0.9899275261921234 0.002739553534583138
0.989290452162736 0.0029077640790289537
0.9886340617840967 0.0030804974519971053
0.9879583809693737 0.003257704270351312
0.9872634363932886 0.003439335010327075
0.9865492554910633 0.0036253400953730587
0.985815866457337 0.0038156699827141638
0.9850632982450529 0.004010275248401468
0.9842915805643155 0.004209106670618666
0.9835007438812176 0.004412115311020483
0.9826908194166369 0.004619252593884369
0.9818618391450049 0.004830470382863578
0.9810138357930429 0.005045721055137593
0.9801468428384715 0.005264957572762679
0.9792608945086879 0.005488133551035494
0.9783560257794153 0.00571520332368985
0.9774322723733215 0.00594612200475801
0.9764896707586095 0.006180845546936548
0.9755282581475768 0.006419330796308281
0.9745480724951473 0.00666153554328193
0.9735491524973722 0.006907418569623039
0.9725315375899024 0.007156939691460839
0.9714952679464323 0.007410059798167816
0.9704403844771128 0.007666740887021333
0.9693669288269371 0.007926946093568385
0.9682749433740961 0.00819063971762797
0.9671644712283061 0.00845778724487786
0.9660355562291054 0.008728355363986135
0.9648882429441257 0.009002311979259733
0.9637225766673307 0.009279626218797249
0.962538603417229 0.009560268438144384
0.9613363699350574 0.00984421021946456
0.9601159236829352 0.010131424366250946
0.9588773128419905 0.010421884893617032
0.9576205863104588 0.010715567014217865
0.9563457937017514 0.011012447119865548
0.9550529853424978 0.01131250275891493
0.9537422122705584 0.011615712609508142
0.9524135262330098 0.011922056448778242
0.9510669796841014 0.01223151511812372
0.9497026257831855 0.01254407048467659
0.948320518392618 0.012859705399098567
0.9469207120756319 0.01317840364984871
0.9455032620941839 0.01350014991407714
0.9440682244067723 0.013824929705308412
0.9426156556662276 0.014152729318086942
0.9411456132174767 0.014483535769765294
0.9396581550952781 0.014817336739624572
0.9381533400219317 0.015154120505522376
0.9366312274049601 0.015493875878271841
0.9350918773347628 0.015836592133959836
0.933535350582245 0.016182258944418944
0.9319617085964176 0.01653086630607219
0.9303710135019718 0.01688240446737352
0.9287633280968262 0.017236863855070728
0.9271387158496476 0.017594234999519717
0.925497240897346 0.01795450845928173
0.9238389680425416 0.018317674745236275
0.9221639627510075 0.018683724244442423
0.9204722911490846 0.01905264714398252
0.9187640200210709 0.019424433355020115
0.9170392168065856 0.019799072437303472
0.9152979495979063 0.02017655352434326
0.9135402871372809 0.020556865249490748
0.9117662988142137 0.02093999567313865
0.9099760546627261 0.021325932211263283
0.908169625358592 0.021714661565521248
0.9063470822165469 0.02210616965510892
0.9045084971874737 0.022500441550586368
0.9026539428555609 0.022897461409861684
0.9007834924354383 0.023297212416522772
0.8988972197692855 0.023699676720697973
0.8969951993239177 0.02410483538261636
0.8950775061878452 0.024512668319031688
0.8931442160683094 0.02492315425266326
0.891195405288294 0.025336270664797905
0.8892311507835118 0.02575199375118697
0.8872515300993669 0.026170298381361798
0.8852566213878946 0.02659115806147948
0.8832465034046749 0.027014544900801248
0.8812212555057239 0.027440429581892023
0.879180957644361 0.02786878133461993
0.8771256903680519 0.028299567914021544
0.8750555348152298 0.028732755582086572
0.8729705727120911 0.02916830909350419
0.8708708863693696 0.02960619168539977
0.868756558679087 0.03004636507107918
0.8666276731112801 0.030488789437785185
0.8644843137107058 0.030933423448457915
0.8623265650935233 0.03138022424747898
0.8601545124439535 0.03182914747036704
0.8579682415109156 0.032280147257379814
0.8557678386046428 0.03273317627096603
0.8535533905932737 0.033188185716999066
0.8513249848994247 0.03364512536971196
0.8490827094967364 0.03410394360024343
0.8468266529064025 0.03456458740869209
0.8445569041936742 0.035027002459566685
0.8422735529643444 0.035491133120509694
0.8399766893612096 0.03595692250416131
0.8376664040605122 0.036424312513022424
0.83534278826836 0.036893243887165354
0.8330059337171258 0.03736365625463365
0.8306559326618259 0.03783548818436388
0.8282928778764782 0.038308677241454814
0.8259168626504394 0.03878316004460363
0.8235279807847222 0.0392588723255215
0.8211263265882922 0.03973574899013614
0.8187119948743449 0.040213724181383755
0.8162850809565623 0.040692731343388515
0.8138456806453502 0.04117270328682423
0.8113938902440563 0.04165357225524954
0.8089298065451672 0.04213526999220657
0.8064535268264883 0.0426177278088702
0.8039651488473027 0.043100876652035075
0.8014647708445124 0.04358464717222707
0.7989524915287595 0.0440689697917262
0.7964284100805297 0.044553774772289126
0.7938926261462366 0.04503899228236168
0.7913452398342881 0.045524552463573516
0.7887863517111338 0.04601038549631127
0.7862160627972955 0.04649642166416916
0.7836344745633783 0.04698259141708185
0.7810416889260653 0.04746882543294805
0.778437808244094 0.04795505467756029
0.7758229353142152 0.0484412104626621
0.7731971733671346 0.04892722450196037
0.7705606260634379 0.049413028964928774
0.7679133974894983 0.04989855652824581
0.765255592153367 0.050383740424719534
0.7625873149806479 0.050868514489559785
0.7599086713103547 0.051352813203868614
0.7572197668907532 0.05183657173522888
0.7545207078751857 0.05231972597528195
0.7518116008178805 0.05280221257419486
0.7490925526697454 0.05328396897192951
0.7463636707741458 0.053764933426236554
0.7436250628626662 0.054245045037308856
0.7408768370508576 0.05472424376904032
0.7381191018339696 0.0552024704668484
0.7353519660826664 0.05567966687202997
0.7325755390387292 0.0561557756326329
0.729789930310744 0.056630740310836696
0.7269952498697734 0.05710450538684948
0.7241916080450163 0.05757701625933869
0.7213791155194509 0.0580482192424265
0.7185578833254664 0.05851806155929206
0.7157280228404795 0.058986491332434665
0.7128896457825363 0.05945345757066405
0.7100428642059032 0.05991891015289457
0.7071877904966422 0.06038279980883227
0.7043245373681746 0.06084507809665355
0.7014532178568313 0.06130569737778608
0.6985739453173903 0.061764610788911455
0.6956868334186013 0.06222177221132003
0.6927919961386984 0.06267713623775721
0.6898895477609006 0.06313065813690912
0.6869796028689001 0.06358229381568506
0.6840622763423391 0.06403199977946111
0.6811376833522729 0.06447973309045717
0.6782059393566253 0.06492545132442584
0.6752671600956295 0.06536911252583934
0.6723214615872585 0.06581067516176449
0.6693689601226458 0.06625009807462164
0.6664097722614933 0.06668734043402827
0.6634440148274712 0.06712236168793013
0.6604718049036047 0.06755512151322758
0.6574932598276524 0.06798557976610595
0.6545084971874737 0.06841369643228025
0.651517634816387 0.06883943157736626
0.6485207907885174 0.06926274529758945
0.6455180834141359 0.06968359767104303
0.642509631234988 0.07010194870970453
0.6394955530196147 0.07051775831241971
0.6364759677586627 0.07093098621905773
0.6334509946601878 0.07134159196604022
0.6304207531449485 0.07174953484344125
0.6273853628416911 0.07215477385385136
0.6243449435824275 0.07255726767319219
0.6212996153977037 0.07295697461366381
0.6182494985118624 0.0733538525889977
0.6151947133382953 0.0737478590821833
0.6121353804746905 0.0741389511158262
0.6090716206982714 0.07452708522528811
0.6060035549610274 0.0749122174347501
0.6029313043849407 0.07529430323632924
0.5998549902572035 0.07567329757237073
0.5967747340254301 0.07604915482102502
0.5936906572928624 0.07642182878520935
0.5906028818135687 0.07679127268504138
0.5875115294876381 0.07715743915382026
0.5844167223563669 0.07752028023761916
0.5813185825974418 0.0778797473985396
0.5782172325201155 0.07823579152166625
0.5751127945603786 0.07858836292574689
0.572005391276126 0.07893741137760985
0.568895145342319 0.07928288611031727
0.5657821795461413 0.07962473584504008
0.5626666167821521 0.0799629088166254
0.5595485800474349 0.08029735280281601
0.5564281924367408 0.08062801515706587
0.5533055771376301 0.08095484284488384
0.5501808574256075 0.08127778248362395
0.5470541566592573 0.08159678038562732
0.5439255982753717 0.08191178260460887
0.5407953057840789 0.08222273498516833
0.5376634027639664 0.08252958321529351
0.534530012857203 0.08283227288171183
0.5313952597646567 0.08313074952793409
0.5282592672410122 0.08342495871482387
0.5251221590898848 0.08371484608351502
0.5219840591589324 0.08400035742048953
0.5188450913349674 0.08428143872461857
0.5157053795390643 0.08455803627596033
0.5125650477216688 0.08483009670609949
0.5094242198577041 0.08509756706980653
0.5062830199416763 0.08536039491778584
0.5031415719827795 0.08561852837027743
0.5 0.08587191619126944
0.4968584280172206 0.08612050786307436
0.49371698005832365 0.08636425366101849
0.49057578014229597 0.0866031047279881
0.48743495227833133 0.08683701314857668
0.48429462046093585 0.08706593202257222
0.48115490866503274 0.08728981553752505
0.4780159408410676 0.08750861904013535
0.4748778409101153 0.08772229910620008
0.47174073275898776 0.08793081360886122
0.46860474023534326 0.0881341217848985
0.4654699871427971 0.08833218429881436
0.4623365972360337 0.08852496330446166
0.45920469421592125 0.08871242250397034
0.45607440172462843 0.08889452720373428
0.45294584334074284 0.08907124436722733
0.4498191425743925 0.0892425426644234
0.44669442286237004 0.08940839251760431
0.4435718075632592 0.08956876614334883
0.4404514199525651 0.08972363759050431
0.43733338321784787 0.0898729827739544
0.4342178204538588 0.09001677950400659
0.431104854657681 0.09015500751123504
0.42799460872387385 0.09028764846662762
0.42488720543962144 0.09041468599689763
0.4217827674798845 0.09053610569483625
0.41868141740255815 0.09065189512459389
0.415583277643633 0.0907620438217953
0.4124884705123619 0.09086654328840735
0.4093971181864312 0.09096538698229394
0.4063093427071376 0.09105857030140965
0.40322526597456987 0.09114609056259884
0.40014500974279654 0.09122794697498404
0.39706869561505953 0.09130414060794477
0.3939964450389728 0.09137467435370447
0.39092837930172886 0.09143955288456045
0.3878646195253095 0.09149878260480972
0.3848052866617049 0.09155237159744026
0.38175050148813783 0.0916003295656749
0.3787003846022964 0.0916426677694724
0.3756550564175727 0.09167939895710765
0.372614637158309 0.09171053729196926
0.3695792468550516 0.09173609827473064
0.3665490053398124 0.09175609866106609
0.36352403224133745 0.09177055637510091
0.3605044469803854 0.09177949041879907
0.35749036876501195 0.09178292077750838
0.35448191658586414 0.09178086832189782
0.3514792092114827 0.09177335470653569
0.3484823651836131 0.09176040226537158
0.3454915028125263 0.09174203390439825
0.3425067401723477 0.09171827299178216
0.3395281950963953 0.09168914324576295
0.3365559851725288 0.09165466862063364
0.3335902277385068 0.0916148731911234
0.3306310398773543 0.09156978103551461
0.3276785384127415 0.09151941611783383
0.3247328399043705 0.09146380216946527
0.3217940606433747 0.09140296257054051
0.31886231664772713 0.09133692023146561
0.31593772365766104 0.09126569747495082
0.31302039713109986 0.09118931591891201
0.3101104522390995 0.09110779636061606
0.30720800386130176 0.09102115866244359
0.30431316658139873 0.09092942163964436
0.30142605468260975 0.09083260295045885
0.29854678214316865 0.09073071898897875
0.29567546263182554 0.09062378478111728
0.29281220950335796 0.09051181388405473
0.2899571357940969 0.09039481828952217
0.28711035421746367 0.09027280833127818
0.28427197715952046 0.09014579259712875
0.28144211667453367 0.09001377784583021
0.27862088448054934 0.08987676892920794
0.27580839195498397 0.08973476871981234
0.2730047501302266 0.08958777804442235
0.2702100696892561 0.08943579562369536
0.2674244609612708 0.08927881801824868
0.2646480339173337 0.08911683958144297
0.26188089816603033 0.08894985241912451
0.2591231629491423 0.08877784635656533
0.2563749371373337 0.08860080891282521
0.25363632922585433 0.08841872528273982
0.2509074473302546 0.08823157832672326
0.24818839918211966 0.08803934856855111
0.24547929212481434 0.08784201420127336
0.2427802331092468 0.08763955110138298
0.24009132868964522 0.08743193285134733
0.2374126850193521 0.0872191307705854
0.23474440784663286 0.08700111395495462
0.2320866025105015 0.08677784932478479
0.2294393739365621 0.08654930168147722
0.22680282663286544 0.08631543377266085
0.2241770646857849 0.0860762063658757
0.2215621917559062 0.0858315783307287
0.21895831107393482 0.08558150672944397
0.2163655254366219 0.08532594691570507
0.2137839372027046 0.08506485264166305
0.21121364828886624 0.08479817617296022
0.20865476016571205 0.08452586841159494
0.20610737385376354 0.08424787902643083
0.20357158991947033 0.08396415659112835
0.20104750847124075 0.08367464872925544
0.19853522915548782 0.08337930226630971
0.19603485115269748 0.08307806338836445
0.19354647317351192 0.08277087780702637
0.1910701934548329 0.08245769093037465
0.18860610975594383 0.08213844803952838
0.18615431935464977 0.08181309447047097
0.18371491904343773 0.08148157580074002
0.18128800512565513 0.08114383804057439
0.1788736734117078 0.08079982782809132
0.176472019215278 0.08044949262805143
0.1740831373495607 0.0800927809337531
0.1717071221235218 0.07972964247158419
0.1693440673381741 0.079360028407745
0.16699406628287417 0.07898389155664437
0.16465721173164005 0.07860118659046125
0.16233359593948782 0.07821187024935128
0.16002331063879038 0.07781590155177295
0.15772644703565564 0.07741324200439768
0.15544309580632587 0.0770038558110642
0.15317334709359764 0.07658771008023163
0.15091729050326375 0.07616477503038364
0.14867501510057546 0.075735024192833
0.14644660940672627 0.07529843461137586
0.14423216139535733 0.0748549870382468
0.14203175848908445 0.07440466612582594
0.13984548755604653 0.07394746061355557
0.13767343490647665 0.07348336350952742
0.13551568628929433 0.07301237226620841
0.13337232688872014 0.07253448894978146
0.13124344132091315 0.07204972040258643
0.1291291136306305 0.07155807839815832
0.1270294272879089 0.07105957978836994
0.1249444651847702 0.070554246642203
0.12287430963194801 0.07004210637568263
0.120819042355639 0.06952319187253049
0.11877874449427606 0.06899754159510559
0.11675349659532519 0.06846519968522316
0.11474337861210548 0.06792621605446064
0.11274846990063314 0.06738064646358122
0.11076884921648833 0.06682855259072781
0.108804594711706 0.06627000208806265
0.1068557839316906 0.06570506862655404
0.1049224938121548 0.06513383192863458
0.10300480067608231 0.06455637778848311
0.1011027802307145 0.06397279807970913
0.09921650756456168 0.06338319075024591
0.09734605714443911 0.06278765980428803
0.09549150281252627 0.06218631527113648
0.09365291778345308 0.06157927316084711
0.09183037464140797 0.060966655406604724
0.09002394533727376 0.06034858979378026
0.08823370118578633 0.059725209875655265
0.08645971286271903 0.05909665487583258
0.08470205040209366 0.0584630695773827
0.08296078319341449 0.05782460419880575
0.08123597997892917 0.057181414256923496
0.07952770885091542 0.05653366041684549
0.07783603724899257 0.05588150832918602
0.07616103195745849 0.055225128454739765
0.07450275910265414 0.05456469587685659
0.07286128415035242 0.05390039010178494
0.07123667190317395 0.053232394847285376
0.06962898649802818 0.0525608978198451
0.06803829140358242 0.05188609048085515
0.06646464941775498 0.051208167802138015
0.06490812266523716 0.05052732801124561
0.06336877259504003 0.04984377232697075
0.061846659978068264 0.049157704685544874
0.06034184490472194 0.04846933145801955
0.058854386782523416 0.0477788611593519
0.057384344333772486 0.04708650414974129
0.05593177559322782 0.04639247232878345
0.054496737905816106 0.04569697882303163
0.05307928792436811 0.045000237667573356
0.051679481607382005 0.04430246348225005
0.05029737421681446 0.04360387114316462
0.048933020315898634 0.04290467545013683
0.04758647376699032 0.042205090790782135
0.04625778772944156 0.04150533080190135
0.04494701465750217 0.04080560802888047
0.043654206298248566 0.04010613358380914
0.042379413689541234 0.039407116803035866
0.041122687158009485 0.03870876490488235
0.03988407631706481 0.03801128264824675
0.038663630064942556 0.03731487199282692
0.037461396582771034 0.0366197317616967
0.03627742333266937 0.03592605730696873
0.035111757055874326 0.03523404017927526
0.03396444377089458 0.03454386780179343
0.032835528771693934 0.033855723149538094
0.03172505662590386 0.033169784434637424
0.03063307117306291 0.03248622479829629
0.029559615522887217 0.03180521201014567
0.02850473205356774 0.03112690817565927
0.027468462410097594 0.03045146945230964
0.02645084750262794 0.02977904577511704
0.02545192750485281 0.029109780592229257
0.02447174185242318 0.028443810611151626
0.023510329241390626 0.027781265556226314
0.02256772762667847 0.02712226793793732
0.021643974220584727 0.02646693283459834
0.02073910549131197 0.025815367686950523
0.019853157161528467 0.025167672106177628
0.01898616420695709 0.02452393769581369
0.01813816085499509 0.023884247887994692
0.01730918058336306 0.023248677794473333
0.016499256118782446 0.02261729407278599
0.015708419435684462 0.02199015480793216
0.014936701754947102 0.021367309409890116
0.014184133542663013 0.020748798527263232
0.013450744508936685 0.02013465397731472
0.012736563606711382 0.01952489869261493
0.012041619030626283 0.018919546684490075
0.01136593821590326 0.01831860302342476
0.010709547837263966 0.01772206383653491
0.01007247380787657 0.01712991632219007
0.009454741278333012 0.016542138781828294
0.008856374635655695 0.015958700668967655
0.008277397502335138 0.01537956265538344
0.007717832735397279 0.014804676714380212
0.007177702425500976 0.01423398622105193
0.006657027896066037 0.013667426069386103
0.006155829702431115 0.013104922806029899
0.005674127631043024 0.012546394780501834
0.005211940698674589 0.01199175231159127
0.004769287151674462 0.011440897869659463
0.004346184465246816 0.010893726274514357
0.0039426493427611176 0.010350124908499219
0.0035586977150932064 0.009809973944402956
0.0031943447399958025 0.009273146587762734
0.002849604801500538 0.008739509333102859
0.0025244915093498577 0.00820892223361763
0.002219017698460002 0.007681239183779832
0.0019331954284137476 0.007156308214323748
0.0016670359829851211 0.006633971799029778
0.0014205498696930885 0.00611406717270216
0.0011937468193874423 0.005596426659717458
0.0009866357858642205 0.0050808780124866615
0.0007992249455124334 0.004567244759160118
0.0006315216969912107 0.004055346559878363
0.0004835326609375912 0.003544999570854741
0.00035526367970539763 0.0030360168155593925
0.0002467198171342 0.0025282085622530498
0.00015790535835003006 0.002021382707114984
8.882380959551739e-05 0.0015153451621799819
3.947789809188862e-05 0.0010099002473092427
9.869571931497845e-06 0.000504851085398856
0.0 -0.0
9.869571931497845e-06 -0.00050478173812074
3.947789809188862e-05 -0.0010093456044508768
8.882380959551739e-05 -0.001513474003681118
0.00015790535835003006 -0.0020169498928985386
0.00024671981713408897 -0.002519557056472494
0.00035526367970550865 -0.0030210803793279265
0.0004835326609375912 -0.003521306118088218
0.0006315216969912107 -0.004020022169597007
0.0007992249455124334 -0.004517018336256665
0.0009866357858641095 -0.0050120865877130065
0.0011937468193874423 -0.005505021318367738
0.0014205498696930885 -0.005995619600229309
0.0016670359829851211 -0.0064836814306298025
0.0019331954284136366 -0.0069690099743289985
0.002219017698460002 -0.007451411799558626
0.0025244915093498577 -0.00793069710755514
0.002849604801500538 -0.008406679955165221
0.0031943447399958025 -0.008879178470099666
0.0035586977150932064 -0.00934801505844908
0.0039426493427610065 -0.009813016604078342
0.004346184465246594 -0.01027401465954261
0.004769287151674462 -0.010730845628181539
0.005211940698674589 -0.011183350937071679
0.005674127631043024 -0.011631377200538123
0.006155829702431115 -0.01207477637394183
0.006657027896066037 -0.012513405897487525
0.007177702425500865 -0.012947128829814684
0.007717832735397279 -0.01337581397116105
0.008277397502335138 -0.013799335975903824
0.008856374635655584 -0.014217575454317613
0.009454741278333012 -0.014630419063402454
0.01007247380787657 -0.015037759586664094
0.010709547837263855 -0.015439496002753857
0.01136593821590326 -0.01583553354289576
0.012041619030626283 -0.01622578373705635
0.012736563606711382 -0.01661016444883737
0.013450744508936685 -0.01698859989909308
0.014184133542663124 -0.017361020678301264
0.014936701754947102 -0.017727363747739706
0.015708419435684462 -0.018087572429545402
0.016499256118782446 -0.01844159638575481
0.01730918058336295 -0.018789391586450606
0.01813816085499509 -0.019130920267160657
0.01898616420695709 -0.0194661508756785
0.01985315716152858 -0.019795058008497714
0.02073910549131197 -0.020117622337072594
0.021643974220584727 -0.020433830524140467
0.02256772762667847 -0.0207436751303589
0.023510329241390515 -0.02104715451153446
0.02447174185242318 -0.02134427270673506
0.02545192750485281 -0.021635039317598644
0.026450847502627717 -0.021919469379167403
0.027468462410097594 -0.02219758322259421
0.02850473205356785 -0.022469406330081685
0.029559615522887217 -0.022734969182432504
0.03063307117306291 -0.022994307099600365
0.03172505662590375 -0.02324746007464501
0.032835528771693934 -0.023494472601507436
0.03396444377089458 -0.023735393497031132
0.035111757055874326 -0.0239702757176653
0.03627742333266948 -0.024199176171295567
0.037461396582771034 -0.024422155524653426
0.038663630064942556 -0.024639278006765027
0.0398840763170647 -0.024850611208902165
0.04112268715800926 -0.025056225881505443
0.04237941368954101 -0.02525619572855068
0.043654206298248344 -0.025450597199833107
0.04494701465750195 -0.025639509281643737
0.046257787729441446 -0.02582301328631279
0.04758647376699021 -0.026001192641093282
0.048933020315898634 -0.026174132676855776
0.05029737421681446 -0.02634192041706118
0.051679481607382005 -0.026504644367474496
0.053079287924368 -0.026662394307076
0.054496737905815884 -0.026815261080620087
0.055931775593227595 -0.026963336393283854
0.057384344333772264 -0.02710671260783872
0.058854386782523305 -0.027245482544768725
0.06034184490472172 -0.027379739285748054
0.061846659978068264 -0.027509575980879098
0.06336877259503981 -0.02763508566007896
0.06490812266523704 -0.027756361048990253
0.06646464941775498 -0.02787349438977605
0.0680382914035822 -0.02798657726714525
0.06962898649802796 -0.028095700439938295
0.07123667190317384 -0.028200953678586407
0.0728612841503522 -0.028302425608740994
0.07450275910265391 -0.028400203561352033
0.07616103195745838 -0.028494373429455433
0.07783603724899235 -0.028585019531911414
0.07952770885091542 -0.02867222448431637
0.08123597997892906 -0.028756069077290624
0.08296078319341427 -0.02883663216232551
0.08470205040209366 -0.028913990545351882
0.08645971286271892 -0.02898821888817233
0.0882337011857861 -0.029059389617878444
0.09002394533727376 -0.029127572844353515
0.09183037464140797 -0.029192836285940032
0.09365291778345286 -0.029255245203330976
0.09549150281252627 -0.02931486234172186
0.09734605714443889 -0.029371747881240577
0.09921650756456168 -0.029425959395650732
0.10110278023071428 -0.029477551819303734
0.1030048006760822 -0.02952657742229459
0.10492249381215468 -0.029573085793756
0.1068557839316906 -0.029617123833205854
0.10880459471170578 -0.029658735749843682
0.11076884921648822 -0.029697963069672536
0.11274846990063292 -0.029734844650304345
0.11474337861210548 -0.029769416703288986
0.11675349659532497 -0.029801712823789166
0.11877874449427583 -0.02983176402740734
0.120819042355639 -0.029859598793953647
0.12287430963194801 -0.029885243117928974
0.1249444651847702 -0.02990872056548206
0.1270294272879089 -0.029930052337585663
0.1291291136306303 -0.02994925733916305
0.13124344132091315 -0.029966352253883985
0.13337232688871992 -0.029981351624337526
0.1355156862892941 -0.02999426793727765
0.13767343490647654 -0.03000511171362855
0.13984548755604642 -0.030013891602926484
0.14203175848908423 -0.03002061448186745
0.14423216139535722 -0.030025285556622452
0.14644660940672605 -0.030027908468575778
0.14867501510057535 -0.030028485403136594
0.15091729050326363 -0.03002701720126923
0.15317334709359764 -0.030023503473384727
0.15544309580632576 -0.030017942715233194
0.15772644703565541 -0.030010332425435285
0.16002331063879027 -0.03000066922429044
0.16233359593948782 -0.029988948973499997
0.16465721173163983 -0.02997516689644453
0.16699406628287417 -0.029959317698657215
0.1693440673381741 -0.029941395688138108
0.1717071221235218 -0.029921394895158385
0.1740831373495606 -0.02989930919120866
0.17647201921527778 -0.02987513240675133
0.17887367341170757 -0.029848858447443807
0.18128800512565535 -0.029820481408506856
0.18371491904343773 -0.02978999568692092
0.18615431935465 -0.02975739609114219
0.18860610975594372 -0.029722677948040413
0.19107019345483267 -0.02968583720677087
0.1935464731735117 -0.0296468705393044
0.19603485115269725 -0.029605775437351073
0.1985352291554876 -0.029562550305426122
0.20104750847124042 -0.029517194549819603
0.20357158991947055 -0.0294697086632449
0.20610737385376332 -0.02942009430495574
0.20865476016571205 -0.029368354376135577
0.21121364828886624 -0.02931449309037873
0.2137839372027044 -0.029258516039097567
0.2163655254366219 -0.02920043025170647
0.2189583110739346 -0.029140244250448543
0.22156219175590608 -0.029077968099748056
0.2241770646857848 -0.0290136134499876
0.22680282663286544 -0.02894719357562559
0.2294393739365621 -0.028878723407586834
0.23208660251050173 -0.028808219559875132
0.23474440784663297 -0.028735700350373962
0.2374126850193523 -0.028661185815818044
0.24009132868964533 -0.028584697720934974
0.24278023310924657 -0.028506259561773068
0.24547929212481456 -0.028425896563247448
0.24818839918211943 -0.02834363567095292
0.25090744733025483 -0.02825950553730768
0.2536363292258541 -0.028173536502108236
0.25637493713733406 -0.028085760567589914
0.2591231629491424 -0.027996211368103756
0.26188089816603055 -0.02790492413453355
0.2646480339173338 -0.027811935653592055
0.2674244609612706 -0.027717284222147934
0.2702100696892562 -0.02762100959674873
0.2730047501302266 -0.027523152938517238
0.2758083919549841 -0.027423756753610376
0.2786208844805491 -0.0273228648294416
0.2814421166745338 -0.027220522166877446
0.2842719771595206 -0.02711677490863011
0.287110354217464 -0.027011670264075593
0.2899571357940969 -0.0269052564307374
0.29281220950335785 -0.02679758251268173
0.29567546263182565 -0.02668869843607872
0.29854678214316865 -0.02657865486218989
0.30142605468260975 -0.026467503098047355
0.30431316658139873 -0.02635529500509596
0.30720800386130187 -0.02624208290607263
0.31011045223909917 -0.026127919490401014
0.31302039713109964 -0.026012857718381726
0.3159377236576608 -0.025896950724460074
0.31886231664772713 -0.025780251719854038
0.32179406064337446 -0.02566281389482545
0.3247328399043705 -0.0255446903208761
0.3276785384127412 -0.025425933853149747
0.330631039877354 -0.02530659703331761
0.33359022773850655 -0.025186731993223074
0.3365559851725284 -0.025066390359556497
0.3395281950963951 -0.024945623159826836
0.34250674017234717 -0.024824480729892
0.3454915028125263 -0.024703012623302663
0.34848236518361286 -0.024581267522709265
0.35147920921148246 -0.024459293153572894
0.3544819165858639 -0.024337136200414385
0.3574903687650115 -0.02421484222582623
0.3605044469803853 -0.024092455592463455
0.3635240322413371 -0.023970019388220035
0.36654900533981216 -0.023847575354786443
0.36957924685505117 -0.02372516381977456
0.3726146371583088 -0.02360282363258359
0.37565505641757246 -0.02348059210417071
0.37870038460229627 -0.023358504950876623
0.3817505014881375 -0.02323659624244529
0.3848052866617042 -0.023114898354363842
0.38786461952530926 -0.022993441924635774
0.3909283793017284 -0.022872255815088196
0.3939964450389726 -0.02275136707729929
0.3970686956150591 -0.02263080092322044
0.40014500974279654 -0.02251058070055206
0.40322526597456965 -0.022390727872920176
0.4063093427071376 -0.022271262004885797
0.4093971181864311 -0.02215220075180644
0.4124884705123619 -0.02203355985455459
0.415583277643633 -0.021915353139085155
0.41868141740255793 -0.02179759252082968
0.4217827674798844 -0.021680288013882238
0.4248872054396211 -0.021563447744928747
0.42799460872387396 -0.021447077971857915
0.4311048546576808 -0.02133118310698035
0.4342178204538587 -0.021215765744768557
0.43733338321784765 -0.02110082669402009
0.4404514199525651 -0.020986365014332622
0.4435718075632591 -0.020872378056769902
0.4466944228623697 -0.02075886150858529
0.4498191425743925 -0.020645809441860008
0.4529458433407425 -0.020533214365902695
0.4560744017246283 -0.020421067283247007
0.4592046942159209 -0.02030935774907595
0.4623365972360336 -0.020198073933891652
0.46546998714279697 -0.02008720268924285
0.4686047402353435 -0.019976729616313485
0.47174073275898754 -0.019866639137170388
0.47487784091011487 -0.019756914568460536
0.4780159408410676 -0.01964753819734391
0.4811549086650324 -0.019538491359442366
0.48429462046093574 -0.019429754518580512
0.487434952278331 -0.019321307348091853
0.49057578014229586 -0.01921312881345911
0.49371698005832365 -0.019105197256056774
0.4968584280172206 -0.01899749047776093
0.5 -0.018889985826191336
0.5031415719827792 -0.01878266028035006
0.5062830199416763 -0.01867549053642116
0.5094242198577039 -0.018568453093497327
0.5125650477216688 -0.018461524339000394
0.515705379539064 -0.018354680633565615
0.5188450913349674 -0.018247898395161888
0.5219840591589324 -0.018141154182224093
0.5251221590898849 -0.018034424775577484
0.5282592672410122 -0.017927687258939146
0.5313952597646565 -0.017820919097786388
0.5345300128572028 -0.017714098216388273
0.5376634027639662 -0.017607203072802485
0.5407953057840789 -0.01750021273164677
0.5439255982753715 -0.01739310693446171
0.5470541566592573 -0.01728586616748904
0.5501808574256073 -0.01717847172669858
0.5533055771376301 -0.017070905779904985
0.5564281924367407 -0.016963151425825176
0.5595485800474347 -0.016855192749936132
0.5626666167821521 -0.01674701487700323
0.5657821795461411 -0.016638604020158845
0.568895145342319 -0.016529947526421476
0.572005391276126 -0.016421033918556503
0.5751127945603787 -0.01631185293319004
0.5782172325201154 -0.01620239555509879
0.5813185825974418 -0.01609265404760959
0.584416722356367 -0.015982621979053948
0.5875115294876379 -0.015872294245233814
0.5906028818135687 -0.015761667087866478
0.5936906572928622 -0.015650738108988
0.5967747340254301 -0.01553950628130542
0.5998549902572035 -0.015427971954500054
0.6029313043849407 -0.015316136857494824
0.6060035549610272 -0.015204004096710189
0.6090716206982714 -0.015091578150343732
0.6121353804746905 -0.014978864858719989
0.6151947133382956 -0.014865871410766826
0.6182494985118623 -0.01475260632668615
0.6212996153977035 -0.014639079436895684
0.6243449435824275 -0.014525301857329538
0.627385362841691 -0.014411285961194113
0.6304207531449486 -0.014297045347285013
0.6334509946601878 -0.014182594804980402
0.6364759677586629 -0.014067950276033307
0.6394955530196147 -0.013953128813294946
0.6425096312349883 -0.013838148536507257
0.6455180834141361 -0.01372302858531156
0.6485207907885173 -0.013607789069625493
0.6515176348163871 -0.013492451017547879
0.6545084971874737 -0.013377036320956225
0.6574932598276526 -0.013261567678966794
0.6604718049036047 -0.013146068539432561
0.6634440148274714 -0.013030563038657654
0.6664097722614932 -0.012915075939511564
0.669368960122646 -0.012799632568128484
0.6723214615872586 -0.012684258749380879
0.6752671600956295 -0.012568980741317164
0.6782059393566255 -0.012453825168756158
0.6811376833522726 -0.012338818956230879
0.6840622763423392 -0.012223989260475002
0.6869796028689001 -0.012109363402645606
0.6898895477609008 -0.01199496880047394
0.6927919961386979 -0.011880832900536318
0.695686833418601 -0.011766983110833587
0.69857394531739 -0.011653446733867383
0.7014532178568311 -0.011540250900396478
0.7043245373681741 -0.01142742250405493
0.7071877904966419 -0.011314988137008816
0.7100428642059029 -0.011202974026824766
0.712889645782536 -0.011091405974718156
0.7157280228404792 -0.010980309295344205
0.718557883325466 -0.010869708758289302
0.7213791155194507 -0.010759628531413766
0.7241916080450159 -0.010650092126191458
0.7269952498697734 -0.010541122345183899
0.7297899303107436 -0.010432741231780632
0.7325755390387292 -0.010324970022329051
0.735351966082666 -0.010217829100770237
0.7381191018339692 -0.010111337955888209
0.7408768370508574 -0.01000551514127313
0.7436250628626659 -0.009900378238089255
0.7463636707741457 -0.00979594382073071
0.7490925526697452 -0.009692227425438925
0.7518116008178803 -0.009589243521946667
0.7545207078751854 -0.009487005488204846
0.7572197668907532 -0.009385525588238453
0.7599086713103547 -0.009284814953169759
0.7625873149806475 -0.00918488356543659
0.7652555921533668 -0.00908574024622514
0.767913397489498 -0.008987392646127104
0.7705606260634379 -0.008889847239021668
0.7731971733671343 -0.008793109319174212
0.7758229353142152 -0.008697183001533998
0.7784378082440937 -0.008602071225204948
0.7810416889260652 -0.008507775760053926
0.7836344745633781 -0.008414297216413633
0.7862160627972954 -0.008321635057827442
0.7887863517111335 -0.008229787616776684
0.7913452398342877 -0.008138752113321945
0.7938926261462365 -0.008048524676583072
0.7964284100805294 -0.007959100368974726
0.7989524915287594 -0.007870473213107404
0.8014647708445122 -0.007782636221257378
0.8039651488473027 -0.00769558142730211
0.8064535268264881 -0.007609299921012217
0.8089298065451671 -0.007523781884584771
0.8113938902440561 -0.0074390166312981645
0.81384568064535 -0.007354992646163066
0.816285080956562 -0.007271697628440199
0.8187119948743447 -0.007189118535891133
0.8211263265882922 -0.007107241630624844
0.823527980784722 -0.007026052526399542
0.8259168626504394 -0.006945536237236328
0.828292877876478 -0.006865677227199268
0.8306559326618259 -0.006786459461193959
0.8330059337171258 -0.006707866456635989
0.8353427882683597 -0.006629881335838864
0.8376664040605122 -0.006552486878971015
0.8399766893612095 -0.006475665577431266
0.8422735529643444 -0.006399399687492025
0.844556904193674 -0.006323671284060938
0.8468266529064026 -0.006248462314412212
0.8490827094967361 -0.006173754651741123
0.8513249848994247 -0.006099530148396364
0.8535533905932737 -0.006025770688648452
0.8557678386046423 -0.005952458240853994
0.8579682415109156 -0.00587957490887981
0.8601545124439531 -0.005807102982654053
0.8623265650935235 -0.00573502498771507
0.8644843137107057 -0.005663323733633959
0.8666276731112801 -0.005591982361190063
0.8687565586790869 -0.005520984388184891
0.8708708863693697 -0.0054503137537839225
0.8729705727120911 -0.0053799548612821985
0.8750555348152296 -0.005309892619194501
0.877125690368052 -0.005240112480577463
0.8791809576443608 -0.005170600480496864
0.8812212555057239 -0.005101343271559429
0.8832465034046748 -0.005032328157435684
0.8852566213878947 -0.004963543124306182
0.8872515300993669 -0.004894976870171079
0.8892311507835118 -0.0048266188319691355
0.891195405288294 -0.004758459210459987
0.8931442160683094 -0.0046904889928297885
0.8950775061878451 -0.004622699972988151
0.8969951993239176 -0.004555084769530803
0.8988972197692855 -0.00448763684134991
0.9007834924354383 -0.0044203505008808515
0.9026539428555611 -0.004353220924981337
0.9045084971874737 -0.004286244163445758
0.9063470822165471 -0.004219417145164386
0.908169625358592 -0.004152737681944098
0.909976054662726 -0.004086204470013456
0.9117662988142137 -0.004019817089242005
0.9135402871372809 -0.003953576000109584
0.9152979495979063 -0.0038874825384676345
0.9170392168065855 -0.0038215389081406375
0.9187640200210709 -0.0037557481714211977
0.9204722911490846 -0.003690114237518128
0.9221639627510076 -0.003624641849021694
0.9238389680425416 -0.0035593365664556235
0.9254972408973461 -0.003494204750989685
0.9271387158496476 -0.003429253545391524
0.9287633280968262 -0.003364490853300017
0.9303710135019718 -0.003299925316906791
0.9319617085964176 -0.00323556629313544
0.933535350582245 -0.0031714238284115594
0.9350918773347627 -0.0031075086321193535
0.9366312274049602 -0.0030438320488429516
0.9381533400219317 -0.002980406029493028
0.9396581550952783 -0.0029172431014205832
0.9411456132174767 -0.0028543563376219098
0.9426156556662275 -0.0027917593251389912
0.9440682244067724 -0.002729466132761138
0.9455032620941839 -0.002667491278133588
0.946920712075632 -0.0026058496943787506
0.948320518392618 -0.002544556696336097
0.9497026257831855 -0.002483627946525221
0.9510669796841014 -0.0024230794209363768
0.9524135262330098 -0.0023629273747510283
0.9537422122705586 -0.002303188308093589
0.9550529853424978 -0.0022438789319134496
0.9563457937017514 -0.0021850161340942866
0.9576205863104588 -0.0021266169458851528
0.9588773128419907 -0.00206869850874487
0.9601159236829351 -0.002011278041688514
0.9613363699350574 -0.0019543728092210107
0.962538603417229 -0.0018980000899400042
0.9637225766673305 -0.0018421771458854974
0.9648882429441255 -0.00178692119271064
0.9660355562291054 -0.001732249370743254
0.9671644712283058 -0.0016781787170037036
0.9682749433740963 -0.0016247261382398013
0.9693669288269369 -0.0015719083850354151
0.9704403844771126 -0.001519742027043718
0.9714952679464322 -0.0014682434293922142
0.9725315375899024 -0.0014174287303006631
0.9735491524973721 -0.0013673138199486116
0.9745480724951472 -0.0013179143206238336
0.9755282581475768 -0.001269245568177929
0.9764896707586093 -0.0012213225948100562
0.9774322723733215 -0.0011741601131945063
0.9783560257794153 -0.0011277725019630798
0.9792608945086878 -0.0010821737925473484
0.9801468428384714 -0.0010373776573815497
0.9810138357930429 -0.0009933973994614264
0.9818618391450049 -0.0009502459432493825
0.9826908194166368 -0.0009079358269117128
0.9835007438812176 -0.000866479195868716
0.9842915805643155 -0.000825887797634267
0.9850632982450529 -0.0007861729779164343
0.9858158664573369 -0.0007473456779471415
0.9865492554910631 -0.0007094164330042302
0.9872634363932886 -0.0006723953720857076
0.9879583809693737 -0.0006362922186922437
0.9886340617840967 -0.000601116292670204
0.9892904521627359 -0.0005668765130648292
0.9899275261921234 -0.0005335814019295477
0.990545258721667 -0.0005012390890351703
0.9911436253643444 -0.00046985731741968213
0.9917226024976649 -0.00043944344971769594
0.9922821672646027 -0.0004100044752060147
0.9928222975744989 -0.0003815470175006268
0.993342972103934 -0.0003540773428385177
0.9938441702975689 -0.00032760136887696403
0.994325872368957 -0.0003021246739417396
0.9947880593013254 -0.0002776525066552914
0.9952307128483255 -0.00025418979587564435
0.9956538155347534 -0.00023174116087663706
0.9960573506572388 -0.0002103109217005264
0.9964413022849068 -0.00018990310961422845
0.9968056552600042 -0.0001705214776019411
0.9971503951984995 -0.00015216951082704395
0.9974755084906501 -0.00013485043699839938
0.99778098230154 -0.00011856723657729002
0.9980668045715864 -0.00010332265276321499
0.9983329640170149 -8.911920119905852e-05
0.9985794501303069 -7.595917933805432e-05
0.9988062531806126 -6.384467541820778e-05
0.9990133642141359 -5.277757699189e-05
0.9992007750544876 -4.2759578961926925e-05
0.9993684783030088 -3.379219107821333e-05
0.9995164673390624 -2.5876744852682402e-05
0.9996447363202945 -1.9014399853582825e-05
0.9997532801828659 -1.3206149343893547e-05
0.99984209464165 -8.452825232709575e-06
0.9999111761904045 -4.755102311701103e-06
0.9999605221019081 -2.113501753786914e-06
0.9999901304280685 -5.283938543435417e-07
1 0
