1 0
0.9999901304280685 1.713168725713822e-06
0.9999605221019081 6.850469439723678e-06
0.9999111761904045 1.5405294268941296e-05
0.99984209464165 2.736665844975242e-05
0.9997532801828658 4.271924276567412e-05
0.9996447363202946 6.144345276016545e-05
0.9995164673390624 8.351549452556437e-05
0.9993684783030088 0.00010890746681412703
0.9992007750544876 0.00013758746916050826
0.9990133642141358 0.0001695197256528993
0.9988062531806126 0.0002046647239359087
0.9985794501303069 0.00024297936897730224
0.9983329640170149 0.00028441715108083764
0.9980668045715863 0.000328928327578534
0.99778098230154 0.00037646011758985236
0.9974755084906501 0.00042695690918974057
0.9971503951984995 0.0004803604782862188
0.9968056552600042 0.0005366102184663245
0.9964413022849068 0.0005956433810327632
0.996057350657239 0.0006573953244170436
0.9956538155347533 0.0007217997721226364
0.9952307128483255 0.0007887890783212084
0.9947880593013254 0.0008582945001974992
0.994325872368957 0.0009302464761145265
0.9938441702975689 0.0010045749086482702
0.993342972103934 0.001081209451523344
0.992822297574499 0.0011600797994652193
0.9922821672646027 0.0012411159799728217
0.9917226024976649 0.0013242486460055718
0.9911436253643444 0.0014094093685736663
0.990545258721667 0.0014965309282177525
0.9899275261921234 0.0015855476043643117
0.989290452162736 0.0016763954615479626
0.9886340617840967 0.0017690126314978249
0.9879583809693737 0.001863339590096879
0.9872634363932886 0.001959319428235671
0.9865492554910633 0.0020568981155995062
0.985815866457337 0.002156024756447457
0.9850632982450529 0.002256651836465233
0.9842915805643155 0.002358735459799186
0.9835007438812176 0.0024622355754083786
0.9826908194166369 0.002567116191903007
0.9818618391450049 0.002673345580071953
0.9810138357930429 0.0027808964623398866
0.9801468428384715 0.0028897461884331054
0.9792608945086879 0.002999876896576558
0.9783560257794153 0.0031112756595877804
0.9774322723733215 0.0032239346152807945
0.9764896707586095 0.003337851080640981
0.9755282581475768 0.0034530276492827357
0.9745480724951473 0.003569472271753695
0.9735491524973722 0.0036871983183025857
0.9725315375899024 0.0038062246237834992
0.9714952679464323 0.003926575514424815
0.9704403844771128 0.004048280816248866
0.9693669288269371 0.004171375844986222
0.9682749433740961 0.004295901377387428
0.9671644712283061 0.004421903603894273
0.9660355562291054 0.004549434062692186
0.9648882429441257 0.00467854955522547
0.9637225766673307 0.004809312043316199
0.962538603417229 0.004941788528087717
0.9613363699350574 0.005076050910951929
0.9601159236829352 0.005212175836978944
0.9588773128419905 0.005350244521024141
0.9576205863104588 0.005490342557045481
0.9563457937017514 0.005632559711098301
0.9550529853424978 0.005776989698549952
0.9537422122705584 0.005923729946108422
0.9524135262330098 0.006072881339310774
0.9510669796841014 0.00622454795616581
0.9497026257831855 0.006378836787692807
0.948320518392618 0.006535857446143269
0.9469207120756319 0.006695721861734865
0.9455032620941839 0.00685854396876758
0.9440682244067723 0.007024439382029419
0.9426156556662276 0.007193525064434358
0.9411456132174767 0.0073659189868668625
0.9396581550952781 0.007541739781237667
0.9381533400219317 0.0077211063877805144
0.9366312274049601 0.007904137697643887
0.9350918773347628 0.008090952191851287
0.933535350582245 0.008281667577720057
0.9319617085964176 0.008476400423843213
0.9303710135019718 0.008675265794747568
0.9287633280968262 0.008878376886349335
0.9271387158496476 0.009085844663330579
0.925497240897346 0.009297777499560447
0.9238389680425416 0.009514280822681187
0.9221639627510075 0.009735456763971294
0.9204722911490846 0.009961403814588574
0.9187640200210709 0.010192216489280627
0.9170392168065856 0.010427984998633785
0.9152979495979063 0.010668794930909923
0.9135402871372809 0.01091472694449716
0.9117662988142137 0.01116585647197215
0.9099760546627261 0.011422253436742056
0.908169625358592 0.01168398198319968
0.9063470822165469 0.01195110022128946
0.9045084971874737 0.012223659986341328
0.9026539428555609 0.012501706614988289
0.9007834924354383 0.012785278737937542
0.8988972197692855 0.013074408090317749
0.8969951993239177 0.013369119340275029
0.8950775061878452 0.013669429936438021
0.8931442160683094 0.013975349974817721
0.891195405288294 0.014286882085651743
0.8892311507835118 0.014604021340644277
0.8872515300993669 0.014926755180993512
0.8852566213878946 0.015255063366536486
0.8832465034046749 0.015588917946280026
0.8812212555057239 0.015928283250521112
0.879180957644361 0.01627311590469765
0.8771256903680519 0.01662336486504335
0.8750555348152298 0.01697897147605667
0.8729705727120911 0.017339869549726123
0.8708708863693696 0.017705985466389854
0.868756558679087 0.018077238297039572
0.8666276731112801 0.018453539946814843
0.8644843137107058 0.018834795319367804
0.8623265650935233 0.019220902501713242
0.8601545124439535 0.01961175296911711
0.8579682415109156 0.020007231809511368
0.8557678386046428 0.02040721796686501
0.8535533905932737 0.020811584502877515
0.8513249848994247 0.021220198876306696
0.8490827094967364 0.021632923239183185
0.8468266529064025 0.022049614749111428
0.8445569041936742 0.022470125896804822
0.8422735529643444 0.022894304847951016
0.8399766893612096 0.02332199579845895
0.8376664040605122 0.02375303934209124
0.83534278826836 0.024187272849446613
0.8330059337171258 0.024624530857215728
0.8306559326618259 0.025064645466599825
0.8282928778764782 0.025507446749746712
0.8259168626504394 0.02595276316303139
0.8235279807847222 0.026400421965981177
0.8211263265882922 0.026850249644622362
0.8187119948743449 0.027302072338007972
0.8162850809565623 0.027755716266668742
0.8138456806453502 0.028211008161719626
0.8113938902440563 0.028667775693344694
0.8089298065451672 0.02912584789737993
0.8064535268264883 0.02958505559871291
0.8039651488473027 0.030045231830221224
0.8014647708445124 0.030506212245979873
0.7989524915287595 0.030967835527477346
0.7964284100805297 0.03142994378159686
0.7938926261462366 0.0318923829291358
0.7913452398342881 0.03235500308266076
0.7887863517111338 0.03281765891251993
0.7862160627972955 0.033280209999865334
0.7836344745633783 0.033742521175570334
0.7810416889260653 0.03420446284396379
0.778437808244094 0.03466591129034351
0.7758229353142152 0.035126748971273616
0.7731971733671346 0.035586864786718006
0.7705606260634379 0.036046154333109905
0.7679133974894983 0.036504520136511905
0.765255592153367 0.03696187186507391
0.7625873149806479 0.03741812652005518
0.7599086713103547 0.037873208604736114
0.7572197668907532 0.03832705027060816
0.7545207078751857 0.03877959144029401
0.7518116008178805 0.039230779906716716
0.7490925526697454 0.03968057140810483
0.7463636707741458 0.0401289296784888
0.7436250628626662 0.04057582647341641
0.7408768370508576 0.04102124157068501
0.7381191018339696 0.041465162745962826
0.7353519660826664 0.041907585723243684
0.7325755390387292 0.042348514100154624
0.729789930310744 0.04278795924820899
0.7269952498697734 0.04322594018817241
0.7241916080450163 0.043662483440783946
0.7213791155194509 0.04409762285314609
0.7185578833254664 0.04453139940117337
0.7157280228404795 0.044963860968558596
0.7128896457825363 0.04539506210278996
0.7100428642059032 0.045825063748819006
0.7071877904966422 0.046253932961051056
0.7043245373681746 0.04668174259439399
0.7014532178568313 0.04710857097516769
0.6985739453173903 0.04753450155273922
0.6956868334186013 0.04795962253280821
0.6927919961386984 0.04838402649332698
0.6898895477609006 0.048807809984093536
0.6869796028689001 0.049231073111110066
0.6840622763423391 0.04965391910684723
0.6811376833522729 0.050076453887604094
0.6782059393566253 0.050498785599193075
0.6752671600956295 0.050921024152223424
0.6723214615872585 0.05134328074828935
0.6693689601226458 0.051765667398404276
0.6664097722614933 0.052188296435050734
0.6634440148274712 0.05261128001923955
0.6604718049036047 0.05303472964399558
0.6574932598276524 0.053458755635701266
0.6545084971874737 0.053883466654745055
0.651517634816387 0.05430896919692829
0.6485207907885174 0.05473536709709102
0.6455180834141359 0.05516276103641524
0.642509631234988 0.055591248054862555
0.6394955530196147 0.056020921070193214
0.6364759677586627 0.05645186840500266
0.6334509946601878 0.05688417332319439
0.6304207531449485 0.05731791357728719
0.6273853628416911 0.05775316096793044
0.6243449435824275 0.05818998091697195
0.6212996153977037 0.058628432055389756
0.6182494985118624 0.05906856582736221
0.6151947133382953 0.059510426111710986
0.6121353804746905 0.0599540488619056
0.6090716206982714 0.06039946176577069
0.6060035549610274 0.06084668392598694
0.6029313043849407 0.06129572556241846
0.5998549902572035 0.06174658773724462
0.5967747340254301 0.062199262103810854
0.5936906572928624 0.06265373068004981
0.5906028818135687 0.0631099656472569
0.5875115294876381 0.06356792917493537
0.5844167223563669 0.06402757327235362
0.5813185825974418 0.06448883966738463
0.5782172325201155 0.06495165971312031
0.5751127945603786 0.065415954322677
0.572005391276126 0.06588163393252913
0.568895145342319 0.06634859849462701
0.5657821795461413 0.06681673749747495
0.5626666167821521 0.06728593001626129
0.5595485800474349 0.06775604479205201
0.5564281924367408 0.06822694033997365
0.5533055771376301 0.0686984650862303
0.5501808574256075 0.06917045753371491
0.5470541566592573 0.0696427464558926
0.5439255982753717 0.07011515111855263
0.5407953057840789 0.07058748152894209
0.5376634027639664 0.07105953871171744
0.534530012857203 0.07153111501106749
0.5313952597646567 0.07200199441828715
0.5282592672410122 0.07247195292400413
0.5251221590898848 0.07294075889418723
0.5219840591589324 0.07340817346899489
0.5188450913349674 0.07387395098345156
0.5157053795390643 0.07433783940887609
0.5125650477216688 0.07479958081392003
0.5094242198577041 0.0752589118440162
0.5062830199416763 0.07571556421797829
0.5031415719827795 0.07616926524044118
0.5 0.0766197383287783
0.4968584280172206 0.07706670355309045
0.49371698005832365 0.07750987818781321
0.49057578014229597 0.0779489772734549
0.48743495227833133 0.0783837141869426
0.48429462046093585 0.07881380121902068
0.48115490866503274 0.0792389501571252
0.4780159408410676 0.07965887287213241
0.4748778409101153 0.08007328190736455
0.47174073275898776 0.08048189106822437
0.46860474023534326 0.08088441601082114
0.4654699871427971 0.08128057482794958
0.4623365972360337 0.08167008863078323
0.45920469421592125 0.08205268212465253
0.45607440172462843 0.08242808417728728
0.45294584334074284 0.08279602837792126
0.4498191425743925 0.08315625358567474
0.44669442286237004 0.08350850446565976
0.4435718075632592 0.08385253201127871
0.4404514199525651 0.08418809405122579
0.43733338321784787 0.08451495573973503
0.4342178204538588 0.0848328900286664
0.431104854657681 0.08514167812006548
0.42799460872387385 0.08544110989788552
0.42488720543962144 0.08573098433761592
0.4217827674798845 0.08601110989262023
0.41868141740255815 0.08628130485605018
0.415583277643633 0.08654139769726835
0.4124884705123619 0.08679122737178244
0.4093971181864312 0.08703064360376692
0.4063093427071376 0.08725950714032343
0.40322526597456987 0.0874776899767106
0.40014500974279654 0.08768507555185487
0.39706869561505953 0.08788155891353701
0.3939964450389728 0.08806704685273538
0.39092837930172886 0.08824145800669383
0.3878646195253095 0.08840472293037083
0.3848052866617049 0.08855678413601793
0.38175050148813783 0.08869759610072508
0.3787003846022964 0.08882712524186506
0.3756550564175727 0.08894534986045943
0.372614637158309 0.08905226005258327
0.3695792468550516 0.08914785758901886
0.3665490053398124 0.08923215576346022
0.36352403224133745 0.08930517920966408
0.3605044469803854 0.08936696368803408
0.35749036876501195 0.0894175558422146
0.35448191658586414 0.08945701292636196
0.3514792092114827 0.08948540250384575
0.3484823651836131 0.0895028021182217
0.3454915028125263 0.08950929893739895
0.3425067401723477 0.08950498937200782
0.3395281950963953 0.0894899786690522
0.3365559851725288 0.08946438048200694
0.3335902277385068 0.08942831641859408
0.3306310398773543 0.0893819155675413
0.3276785384127415 0.08932531400569274
0.3247328399043705 0.08925865428690463
0.3217940606433747 0.08918208491421734
0.31886231664772713 0.08909575979685043
0.31593772365766104 0.08899983769361756
0.31302039713109986 0.08889448164440504
0.3101104522390995 0.08877985839139796
0.30720800386130176 0.08865613779177761
0.30431316658139873 0.08852349222364278
0.30142605468260975 0.088382095986938
0.29854678214316865 0.08823212470119197
0.29567546263182554 0.08807375470188765
0.29281220950335796 0.08790716243729738
0.2899571357940969 0.08773252386762322
0.28711035421746367 0.08755001386828416
0.28427197715952046 0.08735980563918859
0.28144211667453367 0.08716207012182078
0.27862088448054934 0.08695697542595635
0.27580839195498397 0.08674468626780198
0.2730047501302266 0.0865253634213292
0.2702100696892561 0.08629916318454361
0.2674244609612708 0.08606623686239313
0.2646480339173337 0.08582673026798149
0.26188089816603033 0.0855807832437053
0.2591231629491423 0.08532852920388516
0.2563749371373337 0.08507009470040457
0.25363632922585433 0.08480559901281179
0.2509074473302546 0.08453515376427612
0.24818839918211966 0.08425886256472037
0.24547929212481434 0.08397682068238146
0.2427802331092468 0.08368911474497057
0.24009132868964522 0.08339582247152919
0.2374126850193521 0.08309701243598888
0.23474440784663286 0.08279274386335933
0.2320866025105015 0.08248306645937625
0.2294393739365621 0.08216802027434954
0.22680282663286544 0.08184763560185579
0.2241770646857849 0.08152193291282092
0.2215621917559062 0.08119092282543952
0.21895831107393482 0.08085460611127401
0.2163655254366219 0.08051297373777562
0.2137839372027046 0.08016600694736142
0.21121364828886624 0.07981367737307939
0.20865476016571205 0.07945594719078306
0.20610737385376354 0.07909276930763465
0.20357158991947033 0.07872408758664554
0.20104750847124075 0.07834983710685746
0.19853522915548782 0.0779699444586619
0.19603485115269748 0.07758432807364884
0.19354647317351192 0.07719289858827258
0.1910701934548329 0.07679555924051856
0.18860610975594383 0.07639220629865512
0.18615431935464977 0.07598272952105264
0.18371491904343773 0.07556701264595872
0.18128800512565513 0.07514493391002033
0.1788736734117078 0.0747163665942538
0.176472019215278 0.07428117959607616
0.1740831373495607 0.07383923802592222
0.1717071221235218 0.07339040382689527
0.1693440673381741 0.07293453641581693
0.16699406628287417 0.07247149334397082
0.16465721173164005 0.07200113097576405
0.16233359593948782 0.07152330518346578
0.16002331063879038 0.07103787205612222
0.15772644703565564 0.07054468862069191
0.15544309580632587 0.07004361357339475
0.15317334709359764 0.06953450801922317
0.15091729050326375 0.06901723621752534
0.14867501510057546 0.06849166633153457
0.14644660940672627 0.06795767117969144
0.14423216139535733 0.06741512898658328
0.14203175848908445 0.066863924131307
0.13984548755604653 0.06630394789105268
0.13767343490647665 0.06573509917769778
0.13551568628929433 0.06515728526520558
0.13337232688872014 0.06457042250562633
0.13124344132091315 0.0639744370315145
0.1291291136306305 0.06336926544259357
0.1270294272879089 0.06275485547452639
0.1249444651847702 0.06213116664767855
0.12287430963194801 0.06149817089380144
0.120819042355639 0.06085585315860378
0.11877874449427606 0.06020421197822903
0.11675349659532519 0.05954326002771142
0.11474337861210548 0.05887302463954241
0.11274846990063314 0.05819354829054636
0.11076884921648833 0.05750488905533417
0.108804594711706 0.0568071210246779
0.1068557839316906 0.056100334687234805
0.1049224938121548 0.055384637273128944
0.10300480067608231 0.054660153057993766
0.1011027802307145 0.05392702362616979
0.09921650756456168 0.05318540809185219
0.09734605714443911 0.052435483277084305
0.09549150281252627 0.0516774438455998
0.09365291778345308 0.050911502391623925
0.09183037464140797 0.05013788948285863
0.09002394533727376 0.04935685365698904
0.08823370118578633 0.04856866137116829
0.08645971286271903 0.04777359690405548
0.08470205040209366 0.04697196221010409
0.08296078319341449 0.046164076725920475
0.08123597997892917 0.04535027712863715
0.07952770885091542 0.04453091704636887
0.07783603724899257 0.04370636672094704
0.07616103195745849 0.04287701262325247
0.07450275910265414 0.0420432570215927
0.07286128415035242 0.041205517503695915
0.07123667190317395 0.0403642264530161
0.06962898649802818 0.039519830480169854
0.06803829140358242 0.03867278981044687
0.06646464941775498 0.03782357762845295
0.06490812266523716 0.03697267938106848
0.06336877259504003 0.03612059204001584
0.061846659978068264 0.035267823325444106
0.06034184490472194 0.034414890892050694
0.058854386782523416 0.03356232147936431
0.057384344333772486 0.03271065002791661
0.05593177559322782 0.03186041876313173
0.054496737905816106 0.031012176248854086
0.05307928792436811 0.03016647641252857
0.051679481607382005 0.02932387754413089
0.05029737421681446 0.02848494127102837
0.048933020315898634 0.02765023151102586
0.04758647376699032 0.026820313405922697
0.04625778772944156 0.025995752237971334
0.04494701465750217 0.025177112331686347
0.043654206298248566 0.024364955943506843
0.042379413689541234 0.023559842141861215
0.041122687158009485 0.02276232568022428
0.03988407631706481 0.02197295586579128
0.038663630064942556 0.021192275426420493
0.037461396582771034 0.02042081937851742
0.03627742333266937 0.019659113898548762
0.035111757055874326 0.01890767520088147
0.03396444377089458 0.018167008424643177
0.032835528771693934 0.017437606532294536
0.03172505662590386 0.016719949222592553
0.03063307117306291 0.016014501860601795
0.029559615522887217 0.015321714427388047
0.02850473205356774 0.014642020491992327
0.027468462410097594 0.01397583620824616
0.02645084750262794 0.013323559338942036
0.02545192750485281 0.012685568309819964
0.02447174185242318 0.01206222129577204
0.023510329241390626 0.01145385534160403
0.02256772762667847 0.010860785519616358
0.021643974220584727 0.010283304126196527
0.02073910549131197 0.009721679919525739
0.019853157161528467 0.009176157400418637
0.01898616420695709 0.008646956138217317
0.01813816085499509 0.008134270143566052
0.01730918058336306 0.00763826728978491
0.016499256118782446 0.0071590887844547955
0.015708419435684462 0.006696848692713388
0.014936701754947102 0.006251633513643098
0.014184133542663013 0.005823501811013031
0.013450744508936685 0.00541248389951153
0.012736563606711382 0.0050185815874794325
0.012041619030626283 0.004641767977023033
0.01136593821590326 0.004281987322253714
0.010709547837263966 0.00393915494626571
0.01007247380787657 0.003613157217326434
0.009454741278333012 0.003303851584615796
0.008856374635655695 0.003011066673710754
0.008277397502335138 0.0027346024418715936
0.007717832735397279 0.002474230393044325
0.007177702425500976 0.0022296938523536304
0.006657027896066037 0.0020007082997192125
0.006155829702431115 0.0017869617620882025
0.005674127631043024 0.0015881152636375109
0.005211940698674589 0.0014038033331602155
0.004769287151674462 0.0012336345677162824
0.004346184465246816 0.001077192251491054
0.0039426493427611176 0.0009340350286737389
0.0035586977150932064 0.000803697629039605
0.0031943447399958025 0.0006856916447907945
0.002849604801500538 0.0005795063570901006
0.0025244915093498577 0.00048460961060073967
0.002219017698460002 0.000400448734230363
0.0019331954284137476 0.00032645150616571845
0.0016670359829851211 0.00026202716117802857
0.0014205498696930885 0.00020656743807702838
0.0011937468193874423 0.00015944766509355278
0.0009866357858642205 0.00012002788088075179
0.0007992249455124334 8.765398873562835e-05
0.0006315216969912107 6.1658941565069e-05
0.0004835326609375912 4.136395504149965e-05
0.00035526367970539763 2.6079746330432384e-05
0.0002467198171342 1.510779570683819e-05
0.00015790535835003006 7.741628318856382e-06
8.882380959551739e-05 3.2681133204432626e-06
3.947789809188862e-05 9.68777532907208e-07
9.869571931497845e-06 1.2113078011412228e-07
0 0


1.0 0.0
0.9999901304280685 1.9592923095891135e-06
0.9999605221019081 7.834707074523826e-06
0.9999111761904045 1.7618866584280974e-05
0.99984209464165 3.12995038948694e-05
0.9997532801828658 4.885950658927323e-05
0.9996447363202946 7.027697784146296e-05
0.9995164673390624 9.552531458458961e-05
0.9993684783030088 0.00012457330252811766
0.9992007750544876 0.00015738522771276215
0.9990133642141358 0.00019392100423886398
0.9988062531806126 0.0002341363177500195
0.9985794501303069 0.00027798278420258066
0.9983329640170149 0.00032540812340111004
0.9980668045715863 0.00037635634673129087
0.99778098230154 0.0004307679584751731
0.9974755084906501 0.0004885801700482007
0.9971503951984995 0.0005497271264554829
0.9968056552600042 0.0006141401442230035
0.9964413022849068 0.000681747960022347
0.996057350657239 0.000752476989170656
0.9956538155347533 0.0008262515931550727
0.9952307128483255 0.0009029943552994204
0.9947880593013254 0.0009826263636641568
0.994325872368957 0.001065067500244674
0.9938441702975689 0.0011502367355114358
0.993342972103934 0.0012380524273164354
0.992822297574499 0.001328432623174279
0.9922821672646027 0.0014212953649139512
0.9917226024976649 0.0015165589946866589
0.9911436253643444 0.0016141424613098229
0.990545258721667 0.0017139656259234338
0.9899275261921234 0.0018159495659348815
0.989290452162736 0.0019200168762325215
0.9886340617840967 0.0020260919666534073
0.9879583809693737 0.0021341013547017114
0.9872634363932886 0.0022439739525262955
0.9865492554910633 0.002355641347182552
0.985815866457337 0.0024690380732225185
0.9850632982450529 0.0025841018766797584
0.9842915805643155 0.0027007739695405677
0.9835007438812176 0.002818999273821407
0.9826908194166369 0.00293872665440332
0.9818618391450049 0.003059909139807877
0.9810138357930429 0.003182504130135821
0.9801468428384715 0.003306473591427935
0.9792608945086879 0.003431784235749858
0.9783560257794153 0.0035584076863452033
0.9774322723733215 0.003686320627248073
0.9764896707586095 0.0038155049367931196
0.9755282581475768 0.003945947804511543
0.9745480724951473 0.0040776418309524266
0.9735491524973722 0.004210585110022105
0.9725315375899024 0.004344781293488438
0.9714952679464323 0.004480239637352487
0.9704403844771128 0.004616975029847072
0.9693669288269371 0.004755008000878833
0.9682749433740961 0.00489436471278915
0.9671644712283061 0.005035076932367821
0.9660355562291054 0.005177181984112983
0.9648882429441257 0.005320722684789473
0.9637225766673307 0.005465747259398229
0.962538603417229 0.005612309238727489
0.9613363699350574 0.005760467338715868
0.9601159236829352 0.005910285321916064
0.9588773128419905 0.006061831841404326
0.9576205863104588 0.006215180267538624
0.9563457937017514 0.006370408498023342
0.9550529853424978 0.0065275987517925075
0.9537422122705584 0.0066868373472767015
0.9524135262330098 0.006848214465669827
0.9510669796841014 0.007011823899861317
0.9497026257831855 0.007177762789746766
0.948320518392618 0.007346131344675889
0.9469207120756319 0.007517032553839154
0.9455032620941839 0.0076905718854359635
0.9440682244067723 0.007866856975505343
0.9426156556662276 0.008045997307335824
0.9411456132174767 0.008228103882404178
0.9396581550952781 0.008413288883823167
0.9381533400219317 0.008601665333305133
0.9366312274049601 0.008793346742673222
0.9350918773347628 0.00898844676097228
0.933535350582245 0.009187078818250025
0.9319617085964176 0.009389355767093486
0.9303710135019718 0.009595389523017002
0.9287633280968262 0.009805290704806308
0.9271387158496476 0.010019168275927437
0.925497240897346 0.010237129188110856
0.9238389680425416 0.01045927802821887
0.9221639627510075 0.010685716669498361
0.9204722911490846 0.010916543928312537
0.9187640200210709 0.011151855227432398
0.9170392168065856 0.01139174226695298
0.9152979495979063 0.01163629270388035
0.9135402871372809 0.011885589841412957
0.9117662988142137 0.012139712328915024
0.9099760546627261 0.01239873387355125
0.908169625358592 0.012662722964519856
0.9063470822165469 0.012931742610786499
0.9045084971874737 0.013205850093183265
0.9026539428555609 0.013485096731697446
0.9007834924354383 0.013769527668730075
0.8988972197692855 0.014059181669060184
0.8969951993239177 0.014354090937200819
0.8950775061878452 0.014654280952784074
0.8931442160683094 0.014959770324558407
0.891195405288294 0.01527057066352782
0.8892311507835118 0.015586686475705871
0.8872515300993669 0.015908115074899403
0.8852566213878946 0.01623484651587704
0.8832465034046749 0.016566863548217778
0.8812212555057239 0.016904141591071457
0.879180957644361 0.017246648729001453
0.8771256903680519 0.017594345729015443
0.8750555348152298 0.01794718607882601
0.8729705727120911 0.01830511604631882
0.8708708863693696 0.018668074760140374
0.868756558679087 0.01903599431125347
0.8666276731112801 0.019408799875243604
0.8644843137107058 0.01978640985509537
0.8623265650935233 0.020168736044094363
0.8601545124439535 0.02055568380844783
0.8579682415109156 0.02094715228915484
0.8557678386046428 0.021343034622596662
0.8535533905932737 0.02174321817925903
0.8513249848994247 0.022147584819939378
0.8490827094967364 0.02255601116873781
0.8468266529064025 0.0229683689020746
0.8445569041936742 0.023384525052926774
0.8422735529643444 0.023804342329425715
0.8399766893612096 0.024227679446910382
0.8376664040605122 0.024654391472486468
0.83534278826836 0.025084330181099127
0.8330059337171258 0.025517344422088202
0.8306559326618259 0.025953280495158004
0.8282928778764782 0.02639198253466074
0.8259168626504394 0.026833292901062646
0.8235279807847222 0.02727705257843491
0.8211263265882922 0.02772310157678805
0.8187119948743449 0.02817127933804856
0.8162850809565623 0.02862142514446018
0.8138456806453502 0.029073378528179053
0.8113938902440563 0.029526979680823223
0.8089298065451672 0.02998206986173092
0.8064535268264883 0.030438491803680807
0.8039651488473027 0.030896090114828634
0.8014647708445124 0.031354711675620976
0.7989524915287595 0.03181420602945584
0.7964284100805297 0.032274425765872986
0.7938926261462366 0.032735226895073785
0.7913452398342881 0.03319646921259076
0.7887863517111338 0.03365801665295135
0.7862160627972955 0.034119737631207285
0.7836344745633783 0.03458150537123346
0.7810416889260653 0.035043198219733084
0.778437808244094 0.03550469994492514
0.7758229353142152 0.03596590001893059
0.7731971733671346 0.03642669388291788
0.7705606260634379 0.03688698319411586
0.7679133974894983 0.03734667605385177
0.765255592153367 0.037805687215825654
0.7625873149806479 0.038263938273886335
0.7599086713103547 0.03872135782863368
0.7572197668907532 0.039177881632230155
0.7545207078751857 0.03963345271086864
0.7518116008178805 0.04008802146440541
0.7490925526697454 0.04054154574273503
0.7463636707741458 0.04099399089854965
0.7436250628626662 0.04144532981619506
0.7408768370508576 0.04189554291640452
0.7381191018339696 0.042344618136763525
0.7353519660826664 0.04279255088782894
0.7325755390387292 0.04323934398489906
0.729789930310744 0.04368500755550278
0.7269952498697734 0.044129558922749376
0.7241916080450163 0.04457302246475203
0.7213791155194509 0.04501542945041138
0.7185578833254664 0.04545681785191587
0.7157280228404795 0.045897232134387664
0.7128896457825363 0.046336723023172335
0.7100428642059032 0.04677534724933908
0.7071877904966422 0.04721316727402656
0.7043245373681746 0.04765025099233432
0.7014532178568313 0.048086671417524776
0.6985739453173903 0.04852250634636241
0.6956868334186013 0.04895783800647691
0.6927919961386984 0.049392752686695345
0.6898895477609006 0.049827340351342286
0.6869796028689001 0.05026169423956102
0.6840622763423391 0.05069591045075743
0.6811376833522729 0.05113008751731551
0.6782059393566253 0.051564325965776245
0.6752671600956295 0.05199872786771288
0.6723214615872585 0.05243339638157208
0.6693689601226458 0.05286843528678255
0.6664097722614933 0.05330394851146497
0.6634440148274712 0.05374003965509988
0.6604718049036047 0.054176811507534985
0.6574932598276524 0.05461436556572963
0.6545084971874737 0.05505280154964915
0.651517634816387 0.05549221691873156
0.6485207907885174 0.055932706390355795
0.6455180834141359 0.0563743614617413
0.642509631234988 0.05681726993670777
0.6394955530196147 0.05726151545871684
0.6364759677586627 0.057707177051606696
0.6334509946601878 0.05815432866941668
0.6304207531449485 0.058603038756679354
0.6273853628416911 0.059053369820534676
0.6243449435824275 0.059505378015994786
0.6212996153977037 0.059959112745656004
0.6182494985118624 0.060414616275120216
0.6151947133382953 0.0608719233653497
0.6121353804746905 0.06133106092313654
0.6090716206982714 0.061792047670821644
0.6060035549610274 0.06225489383635074
0.6029313043849407 0.06271960086469897
0.5998549902572035 0.06318616115164286
0.5967747340254301 0.06365455780079739
0.5936906572928624 0.06412476440477488
0.5906028818135687 0.06459674485125728
0.5875115294876381 0.06507045315470658
0.5844167223563669 0.0655458333143683
0.5813185825974418 0.06602281919915107
0.5782172325201155 0.06650133445989218
0.5751127945603786 0.06698129246944187
0.572005391276126 0.06746259629092409
0.568895145342319 0.06794513867445111
0.5657821795461413 0.06842880208249105
0.5626666167821521 0.06891345874400534
0.5595485800474349 0.06939897073739354
0.5564281924367408 0.06988519010220015
0.5533055771376301 0.0703719589794561
0.5501808574256075 0.07085910978044624
0.5470541566592573 0.07134646538361197
0.5439255982753717 0.07183383935921715
0.5407953057840789 0.07232103622132476
0.5376634027639664 0.07280785170655263
0.534530012857203 0.07329407307899732
0.5313952597646567 0.07377947946063962
0.5282592672410122 0.07426384218646806
0.5251221590898848 0.07474692518348493
0.5219840591589324 0.0752284853726874
0.5188450913349674 0.07570827309304602
0.5157053795390643 0.07618603254643837
0.5125650477216688 0.07666150226242988
0.5094242198577041 0.07713441558173374
0.5062830199416763 0.07760450115712342
0.5031415719827795 0.07807148347051673
0.5 0.07853508336489849
0.4968584280172206 0.07899501858970251
0.49371698005832365 0.07945100435822779
0.49057578014229597 0.07990275391562403
0.48743495227833133 0.08034997911594792
0.48429462046093585 0.08079239100675384
0.48115490866503274 0.08122970041966196
0.4780159408410676 0.08166161856531728
0.4748778409101153 0.0820878576311366
0.47174073275898776 0.08250813138022621
0.46860474023534326 0.08292215574984046
0.4654699871427971 0.0833296494477489
0.4623365972360337 0.08373033454487634
0.45920469421592125 0.0841239370625838
0.45607440172462843 0.08451018755296891
0.45294584334074284 0.08488882167057425
0.4498191425743925 0.08525958073391125
0.44669442286237004 0.08562221227522901
0.4435718075632592 0.08597647057698389
0.4404514199525651 0.08632211719349686
0.43733338321784787 0.08665892145632008
0.4342178204538588 0.08698666096187621
0.431104854657681 0.0873051220399748
0.42799460872387385 0.08761410020186082
0.42488720543962144 0.08791340056650088
0.4217827674798845 0.08820283826386928
0.41868141740255815 0.08848223881405509
0.415583277643633 0.08875143848107507
0.4124884705123619 0.08901028460034345
0.4093971181864312 0.08925863587881976
0.4063093427071376 0.08949636266692759
0.40322526597456987 0.08972334720141432
0.40014500974279654 0.08993948381839875
0.39706869561505953 0.09014467913593473
0.3939964450389728 0.09033885220550152
0.39092837930172886 0.09052193463191716
0.3878646195253095 0.09069387066125578
0.3848052866617049 0.09085461723644055
0.38175050148813783 0.09100414402027036
0.3787003846022964 0.09114243338573086
0.3756550564175727 0.09126948037353064
0.372614637158309 0.09138529261689395
0.3695792468550516 0.09148989023373597
0.3665490053398124 0.09158330568643427
0.36352403224133745 0.0916655836095059
0.3605044469803854 0.09173678060558775
0.35749036876501195 0.09179696501020822
0.35448191658586414 0.09184621662592991
0.3514792092114827 0.09188462642652655
0.3484823651836131 0.0919122962319486
0.3454915028125263 0.09192933835491215
0.3425067401723477 0.09193587522003155
0.3395281950963953 0.09193203895649411
0.3365559851725288 0.09191797096535424
0.3335902277385068 0.0918938214625987
0.3306310398773543 0.09185974899920685
0.3276785384127415 0.09181591995949875
0.3247328399043705 0.09176250803912886
0.3217940606433747 0.0916996937041456
0.31886231664772713 0.09162766363259442
0.31593772365766104 0.09154661014019715
0.31302039713109986 0.09145673059168953
0.3101104522390995 0.09135822679944469
0.30720800386130176 0.09125130441105268
0.30431316658139873 0.09113617228756199
0.30142605468260975 0.09101304187412143
0.29854678214316865 0.09088212656478871
0.29567546263182554 0.09074364106329415
0.29281220950335796 0.09059780074156543
0.2899571357940969 0.09044482099783296
0.28711035421746367 0.09028491661614153
0.28427197715952046 0.09011830112909824
0.28144211667453367 0.08994518618568201
0.27862088448054934 0.08976578092593451
0.27580839195498397 0.08958029136433744
0.2730047501302266 0.08938891978366448
0.2702100696892561 0.0891918641410727
0.2674244609612708 0.08898931748817024
0.2646480339173337 0.08878146740676356
0.26188089816603033 0.08856849546195096
0.2591231629491423 0.08835057667418438
0.2563749371373337 0.08812787901187583
0.25363632922585433 0.08790056290607189
0.2509074473302546 0.08766878078866314
0.24818839918211966 0.08743267665553492
0.24547929212481434 0.08719238565600146
0.2427802331092468 0.08694803370979388
0.24009132868964522 0.08669973715280409
0.2374126850193521 0.08644760241270553
0.23474440784663286 0.08619172571549567
0.2320866025105015 0.08593219282391915
0.2294393739365621 0.08566907880864696
0.22680282663286544 0.0854024478529958
0.2241770646857849 0.0851323530918823
0.2215621917559062 0.08485883648561209
0.21895831107393482 0.08458192872900781
0.2163655254366219 0.08430164919628386
0.2137839372027046 0.0840180059219748
0.21121364828886624 0.08373099561812625
0.20865476016571205 0.08344060372785353
0.20610737385376354 0.0831468045152734
0.20357158991947033 0.08284956119171055
0.20104750847124075 0.08254882607797884
0.19853522915548782 0.08224454080243357
0.19603485115269748 0.08193663653439168
0.19354647317351192 0.08162503425241217
0.1910701934548329 0.0813096450468319
0.18860610975594383 0.08099037045585111
0.18615431935464977 0.0806671028343661
0.18371491904343773 0.08033972575465106
0.18128800512565513 0.08000811443789788
0.1788736734117078 0.07967213621553011
0.176472019215278 0.07933165101912162
0.1740831373495607 0.07898651189766123
0.1717071221235218 0.07863656556082552
0.1693440673381741 0.07828165294684045
0.16699406628287417 0.07792160981343808
0.16465721173164005 0.07755626735034278
0.16233359593948782 0.07718545281165266
0.16002331063879038 0.07680899016642041
0.15772644703565564 0.07642670076567606
0.15544309580632587 0.07603840402408214
0.15317334709359764 0.07564391811435972
0.15091729050326375 0.0752430606725812
0.14867501510057546 0.07483564951238364
0.14644660940672627 0.07442150334612328
0.14423216139535733 0.07400044251096234
0.14203175848908445 0.07357228969785441
0.13984548755604653 0.07313687068137704
0.13767343490647665 0.07269401504834702
0.13551568628929433 0.07224355692314588
0.13337232688872014 0.07178533568768213
0.13124344132091315 0.07131919669392012
0.1291291136306305 0.07084499196691536
0.1270294272879089 0.07036258089631081
0.1249444651847702 0.0698718309142702
0.12287430963194801 0.06937261815785004
0.120819042355639 0.06886482811384506
0.11877874449427606 0.06834835624417827
0.11675349659532519 0.06782310858995018
0.11474337861210548 0.06728900235230965
0.11274846990063314 0.06674596644836292
0.11076884921648833 0.06619394204039467
0.108804594711706 0.06563288303673856
0.1068557839316906 0.06506275656270416
0.1049224938121548 0.06448354340003742
0.10300480067608231 0.06389523839347092
0.1011027802307145 0.06329785082300084
0.09921650756456168 0.06269140474061202
0.09734605714443911 0.06207593927026367
0.09549150281252627 0.06145150887003793
0.09365291778345308 0.06081818355545314
0.09183037464140797 0.060176049083038786
0.09002394533727376 0.05952520709337503
0.08823370118578633 0.0588657752129004
0.08645971286271903 0.058197887113900906
0.08470205040209366 0.05752169253220127
0.08296078319341449 0.05683735724218878
0.08123597997892917 0.05614506298891405
0.07952770885091542 0.05544500737712439
0.07783603724899257 0.05473740371719986
0.07616103195745849 0.05402248082807611
0.07450275910265414 0.05330048279735451
0.07286128415035242 0.052571668698911486
0.07123667190317395 0.051836312268435665
0.06962898649802818 0.05109470153743384
0.06803829140358242 0.05034713842636023
0.06646464941775498 0.04959393829763166
0.06490812266523716 0.0488354294694059
0.06336877259504003 0.04807195269110257
0.061846659978068264 0.04730386058175513
0.06034184490472194 0.046531517032385
0.058854386782523416 0.04575529657368629
0.057384344333772486 0.044975583710411014
0.05593177559322782 0.04419277222393479
0.054496737905816106 0.04340726444457561
0.05307928792436811 0.042619470495323705
0.051679481607382005 0.04182980750872297
0.05029737421681446 0.04103869881872322
0.048933020315898634 0.040246573129395065
0.04758647376699032 0.03945386366246936
0.04625778772944156 0.03866100728572633
0.04494701465750217 0.0378684436243183
0.043654206298248566 0.03707661415716425
0.042379413689541234 0.03628596130060234
0.041122687158009485 0.035496927481528835
0.03988407631706481 0.03470995420228978
0.038663630064942556 0.03392548109962226
0.037461396582771034 0.03314394499996696
0.03627742333266937 0.03236577897349444
0.035111757055874326 0.03159141138920028
0.03396444377089458 0.03082126497342997
0.032835528771693934 0.03005575587419823
0.03172505662590386 0.02929529273366059
0.03063307117306291 0.02854027577108297
0.029559615522887217 0.027791095878641658
0.02850473205356774 0.027048133732356962
0.027468462410097594 0.026311758920439726
0.02645084750262794 0.025582329091290833
0.02545192750485281 0.024860189123354387
0.02447174185242318 0.024145670318977273
0.023510329241390626 0.02343908962437587
0.02256772762667847 0.022740748877749736
0.021643974220584727 0.022050934087523653
0.02073910549131197 0.021369914742622922
0.019853157161528467 0.020697943156620126
0.01898616420695709 0.020035253847506002
0.01813816085499509 0.019382062954758743
0.01730918058336306 0.01873856769529371
0.016499256118782446 0.018104945859784168
0.015708419435684462 0.017481355350749184
0.014936701754947102 0.016867933763700226
0.014184133542663013 0.01626479801253825
0.013450744508936685 0.01567204400028268
0.012736563606711382 0.015089746336105027
0.012041619030626283 0.014517958099526657
0.01136593821590326 0.01395671065252434
0.010709547837263966 0.013406013500170458
0.01007247380787657 0.012865854200314199
0.009454741278333012 0.012336198322690726
0.008856374635655695 0.011816989457721272
0.008277397502335138 0.011308149275146473
0.007717832735397279 0.010809577632509174
0.007177702425500976 0.010321152733380882
0.006657027896066037 0.009842731335101742
0.006155829702431115 0.00937414900568008
0.005674127631043024 0.008915220429376612
0.005211940698674589 0.008465739760372796
0.004769287151674462 0.008025481023808434
0.004346184465246816 0.0075941985633497565
0.0039426493427611176 0.007171627534334821
0.0035586977150932064 0.006757484441429651
0.0031943447399958025 0.006351467719613647
0.002849604801500538 0.00595325835720797
0.0025244915093498577 0.005562520559550914
0.002219017698460002 0.005178902451824977
0.0019331954284137476 0.004802036819438861
0.0016670359829851211 0.00443154188427721
0.0014205498696930885 0.004067022115033895
0.0011937468193874423 0.0037080690697666595
0.0009866357858642205 0.0033542622687217243
0.0007992249455124334 0.0030051700954065795
0.0006315216969912107 0.0026603507238140353
0.0004835326609375912 0.0023193530696359373
0.00035526367970539763 0.0019817177632451078
0.0002467198171342 0.0016469781421656255
0.00015790535835003006 0.00131466126070895
8.882380959551739e-05 0.000984288914398866
3.947789809188862e-05 0.000655378676784503
9.869571931497845e-06 0.00032744494620126565
0.0 -0.0
9.869571931497845e-06 -0.0003272026846410374
3.947789809188862e-05 -0.0006534411217186886
8.882380959551739e-05 -0.0009777526877579794
0.00015790535835003006 -0.0012991780040712373
0.00024671981713408897 -0.0016167625507519491
0.00035526367970550865 -0.001929558270584243
0.0004835326609375912 -0.002236625159552938
0.0006315216969912107 -0.0025370328406838973
0.0007992249455124334 -0.002829862117935323
0.0009866357858641095 -0.0031142065069602208
0.0011937468193874423 -0.003389173739579554
0.0014205498696930885 -0.003653887238879838
0.0016670359829851211 -0.003907487561921153
0.0019331954284136366 -0.0041491338071074245
0.002219017698460002 -0.004378004983364251
0.0025244915093498577 -0.0045933013383494346
0.002849604801500538 -0.004794245643027769
0.0031943447399958025 -0.004980084430032058
0.0035586977150932064 -0.005150089183350441
0.0039426493427610065 -0.005303557476987343
0.004346184465246594 -0.005439814060367649
0.004769287151674462 -0.005558211888375869
0.005211940698674589 -0.005658133094052365
0.005674127631043024 -0.00573898990210159
0.006155829702431115 -0.005800225481503675
0.006657027896066037 -0.005841314735663317
0.007177702425500865 -0.005861765028673621
0.007717832735397279 -0.005861116846420524
0.008277397502335138 -0.005838944391403286
0.008856374635655584 -0.005794856110299764
0.009454741278333012 -0.005728495153459134
0.01007247380787657 -0.005639539765661331
0.010709547837263855 -0.005527703607639038
0.01136593821590326 -0.005392736008016911
0.012041619030626283 -0.005234422145480589
0.012736563606711382 -0.005052583161146161
0.013450744508936685 -0.004847076201259619
0.014184133542663124 -0.0046177943905121865
0.014936701754947102 -0.004364666736414031
0.015708419435684462 -0.004087657965322406
0.016499256118782446 -0.0037867682908745777
0.01730918058336295 -0.003462033115723888
0.01813816085499509 -0.003113522667626637
0.01898616420695709 -0.0027413415710713694
0.01985315716152858 -0.0023456283557828517
0.02073910549131197 -0.0019265549035714434
0.021643974220584727 -0.001484325835130598
0.02256772762667847 -0.0010191778385170197
0.023510329241390515 -0.000531378941167811
0.02447174185242318 -2.1227727433193155e-05
0.02545192750485281 0.0005109474962855431
0.026450847502627717 0.0010647895865932397
0.027468462410097594 0.001639913496052593
0.02850473205356785 0.0022359072516276923
0.029559615522887217 0.0028523329761344363
0.03063307117306291 0.0034887279501206207
0.03172505662590375 0.004144605711524512
0.032835528771693934 0.004819457190390839
0.03396444377089458 0.005512751875856384
0.035111757055874326 0.006223939012562654
0.03627742333266948 0.006952448823603079
0.037461396582771034 0.007697693757067878
0.038663630064942556 0.008459069753218725
0.0398840763170647 0.00923595752929278
0.04112268715800926 0.010027723878919727
0.04237941368954101 0.010833722983120088
0.043654206298248344 0.011653297729849434
0.04494701465750195 0.012485781039054396
0.046257787729441446 0.01333049719021634
0.04758647376699021 0.014186763149376034
0.048933020315898634 0.015053889892656656
0.05029737421681446 0.01593118372333352
0.051679481607382005 0.01681794757953881
0.053079287924368 0.017713482329733438
0.054496737905815884 0.018617088053132554
0.055931775593227595 0.019528065302328677
0.057384344333772264 0.020445716345422204
0.058854386782523305 0.021369346385042336
0.06034184490472172 0.022298264751716385
0.061846659978068264 0.023231786069133075
0.06336877259503981 0.024169231388929107
0.06490812266523704 0.025109929292731058
0.06646464941775498 0.026053216959274254
0.0680382914035822 0.02699844119453351
0.06962898649802796 0.027944959422905872
0.07123667190317384 0.02889214063759654
0.0728612841503522 0.029839366308480338
0.07450275910265391 0.030786031245830892
0.07616103195745838 0.031731544418428834
0.07783603724899235 0.032675329724694224
0.07952770885091542 0.033616826715613356
0.08123597997892906 0.03455549126836026
0.08296078319341427 0.03549079620965216
0.08470205040209366 0.03642223188800692
0.08645971286271892 0.03734930669421005
0.0882337011857861 0.03827154752943618
0.09002394533727376 0.039188500220603044
0.09183037464140797 0.04009972988267847
0.09365291778345286 0.04100482122779471
0.09549150281252627 0.041903378821161665
0.09734605714443889 0.042795027283904934
0.09921650756456168 0.043679411443092356
0.10110278023071428 0.04455619642933874
0.1030048006760822 0.045425067722516616
0.10492249381215468 0.04628573114622046
0.1068557839316906 0.04713791281176545
0.10880459471170578 0.047981359012617235
0.11076884921648822 0.04881583607027367
0.11274846990063292 0.04964113013272981
0.11474337861210548 0.05045704692677516
0.11675349659532497 0.051263411465472655
0.11877874449427583 0.05206006771227979
0.120819042355639 0.05284687820336249
0.12287430963194801 0.05362372362975284
0.1249444651847702 0.054390502381086905
0.1270294272879089 0.05514713005274198
0.1291291136306303 0.055893538918271764
0.13124344132091315 0.056629677369108865
0.13337232688871992 0.05735550932357054
0.1355156862892941 0.058071013607265264
0.13767343490647654 0.05877618330704853
0.13984548755604642 0.0594710251007283
0.14203175848908423 0.06015555856475958
0.14423216139535722 0.0608298154622042
0.14644660940672605 0.0614938390132596
0.14867501510057535 0.062147683150685494
0.15091729050326363 0.06279141176246947
0.15317334709359764 0.06342509792408661
0.15544309580632576 0.06404882312270736
0.15772644703565541 0.06466267647570777
0.16002331063879027 0.06526675394582403
0.16233359593948782 0.06586115755527888
0.16465721173163983 0.0664459946011853
0.16699406628287417 0.06702137687450355
0.1693440673381741 0.0675874198847934
0.1717071221235218 0.06814424209296502
0.1740831373495606 0.06869196415418322
0.17647201921527778 0.06923070817303072
0.17887367341170757 0.0697605969729775
0.18128800512565535 0.07028175338214278
0.18371491904343773 0.07079429953726639
0.18615431935465 0.07129835620773921
0.18860610975594372 0.07179404214145911
0.19107019345483267 0.07228147343420524
0.1935464731735117 0.07276076292413299
0.19603485115269725 0.07323201961290601
0.1985352291554876 0.07369534811489023
0.20104750847124042 0.07415084813573608
0.20357158991947055 0.07459861398158052
0.20610737385376332 0.0750387340999959
0.20865476016571205 0.07547129065371258
0.21121364828886624 0.07589635912803253
0.2137839372027044 0.07631400797274804
0.2163655254366219 0.07672429827926738
0.2189583110739346 0.0771272834935402
0.22156219175590608 0.07752300916526696
0.2241770646857848 0.07791151273375954
0.22680282663286544 0.07829282335071576
0.2294393739365621 0.07866696174005211
0.23208660251050173 0.07903394009483335
0.23474440784663297 0.07939376201122297
0.2374126850193523 0.07974642245927221
0.24009132868964533 0.08009190779025427
0.24278023310924657 0.08043019578014725
0.24547929212481456 0.08076125570876148
0.24818839918211943 0.08108504847390581
0.25090744733025483 0.08140152673988908
0.2536363292258541 0.08171063511955168
0.25637493713733406 0.08201231038893331
0.2591231629491424 0.08230648173358594
0.26188089816603055 0.08259307102545962
0.2646480339173338 0.0828719931291994
0.2674244609612706 0.08314315623661603
0.2702100696892562 0.08340646222801451
0.2730047501302266 0.08366180705899393
0.2758083919549841 0.08390908117126651
0.2786208844805491 0.08414816992597819
0.2814421166745338 0.08437895405795956
0.2842719771595206 0.08460131014927894
0.287110354217464 0.08481511112042679
0.2899571357940969 0.08502022673741347
0.29281220950335785 0.08521652413302931
0.29567546263182565 0.08540386834048115
0.29854678214316865 0.08558212283759524
0.30142605468260975 0.08575115009975458
0.30431316658139873 0.08591081215972358
0.30720800386130187 0.08606097117250255
0.31011045223909917 0.08620148998335123
0.31302039713109964 0.08633223269712055
0.3159377236576608 0.08645306524703798
0.31886231664772713 0.08656385596110644
0.32179406064337446 0.08666447612428908
0.3247328399043705 0.08675480053468042
0.3276785384127412 0.08683470805188674
0.330631039877354 0.08690408213587573
0.33359022773850655 0.08696281137458947
0.3365559851725284 0.08701078999865966
0.3395281950963951 0.08704791838161027
0.34250674017234717 0.08707410352398408
0.3454915028125263 0.08708925951988573
0.34848236518361286 0.0870933080044948
0.35147920921148246 0.08708617858116495
0.3544819165858639 0.08706780922679402
0.3574903687650115 0.08703814667422098
0.3605044469803853 0.08699714677048041
0.3635240322413371 0.08694477480982225
0.36654900533981216 0.08688100584048615
0.36957924685505117 0.08680582494430174
0.3726146371583088 0.0867192274882726
0.37565505641757246 0.08662121934738821
0.37870038460229627 0.08651181709799928
0.3817505014881375 0.08639104818117982
0.3848052866617042 0.08625895103559532
0.38786461952530926 0.08611557519948587
0.3909283793017284 0.08596098138147051
0.3939964450389726 0.08579524149996924
0.3970686956150591 0.08561843869113929
0.40014500974279654 0.08543066728531097
0.40322526597456965 0.08523203275200689
0.4063093427071376 0.08502265161371926
0.4093971181864311 0.08480265132871408
0.4124884705123619 0.08457217014322141
0.415583277643633 0.08433135691346161
0.41868141740255793 0.08408037089804528
0.4217827674798844 0.0838193815213712
0.4248872054396211 0.08354856810873096
0.42799460872387396 0.08326811959391021
0.4311048546576808 0.08297823420015617
0.4342178204538587 0.08267911909545658
0.43733338321784765 0.08237099002314997
0.4404514199525651 0.08205407090895471
0.4435718075632591 0.08172859344557351
0.4466944228623697 0.0813947966560905
0.4498191425743925 0.08105292643743822
0.4529458433407425 0.08070323508526826
0.4560744017246283 0.08034598080160565
0.4592046942159209 0.07998142718672124
0.4623365972360336 0.07960984271669014
0.46546998714279697 0.07923150020815026
0.4686047402353435 0.07884667627180182
0.47174073275898754 0.07845565075622252
0.47487784091011487 0.07805870618359251
0.4780159408410676 0.07765612717894753
0.4811549086650324 0.07724819989458845
0.48429462046093574 0.0768352114312875
0.487434952278331 0.07641744925793725
0.49057578014229586 0.07599520063128579
0.49371698005832365 0.07556875201739865
0.4968584280172206 0.0751383885164784
0.5 0.0747043932926581
0.5031415719827792 0.07426704701036564
0.5062830199416763 0.07382662727883316
0.5094242198577039 0.07338340810629865
0.5125650477216688 0.07293765936541019
0.515705379539064 0.0724896462713138
0.5188450913349674 0.07203962887385709
0.5219840591589324 0.07158786156530238
0.5251221590898849 0.07113459260488954
0.5282592672410122 0.07068006366154021
0.5313952597646565 0.07022450937593469
0.5345300128572028 0.06976815694313764
0.5376634027639662 0.06931122571688225
0.5407953057840789 0.06885392683655941
0.5439255982753715 0.0683964628778881
0.5470541566592573 0.06793902752817325
0.5501808574256073 0.06748180528698358
0.5533055771376301 0.0670249711930045
0.5564281924367407 0.06656869057774713
0.5595485800474347 0.06611311884671048
0.5626666167821521 0.06565840128851726
0.5657821795461411 0.06520467291245885
0.568895145342319 0.06475205831480292
0.572005391276126 0.06430067157413417
0.5751127945603787 0.06385061617591213
0.5782172325201154 0.06340198496634845
0.5813185825974418 0.06295486013561818
0.584416722356367 0.06250931323033895
0.5875115294876379 0.06206540519516416
0.5906028818135687 0.06162318644325652
0.5936906572928622 0.06118269695532476
0.5967747340254301 0.06074396640682433
0.5998549902572035 0.06030701432284639
0.6029313043849407 0.05987185026013796
0.6060035549610272 0.05943847401562315
0.6090716206982714 0.05900687586071974
0.6121353804746905 0.05857703680067466
0.6151947133382956 0.05814892885807227
0.6182494985118623 0.057722515379604204
0.6212996153977035 0.0572977513651235
0.6243449435824275 0.05687458381794912
0.627385362841691 0.056452952115326215
0.6304207531449486 0.05603278839789502
0.6334509946601878 0.0556140179769721
0.6364759677586629 0.05519655975839862
0.6394955530196147 0.054780326681669586
0.6425096312349883 0.05436522617301733
0.6455180834141361 0.05395116061108918
0.6485207907885173 0.053538027803826244
0.6515176348163871 0.053125721475125016
0.6545084971874737 0.052714131759840965
0.6574932598276526 0.05230314570567291
0.6604718049036047 0.05189264778045618
0.6634440148274714 0.05148252038337922
0.6664097722614932 0.051072644358636496
0.669368960122646 0.050662899510026005
0.6723214615872586 0.05025316511500663
0.6752671600956295 0.049843320436733965
0.6782059393566255 0.0494332452326099
0.6811376833522726 0.04902282025789268
0.6840622763423392 0.04861192776293704
0.6869796028689001 0.048200451982659105
0.6898895477609008 0.04778827961684479
0.6927919961386979 0.047375300299958616
0.695686833418601 0.0469614070591395
0.69857394531739 0.04654649675911604
0.7014532178568311 0.04613047053281061
0.7043245373681741 0.045713234196453664
0.7071877904966419 0.04529469864807556
0.7100428642059029 0.04487478024829894
0.712889645782536 0.04445340118240757
0.7157280228404792 0.04403048980272953
0.718557883325466 0.043605980950430875
0.7213791155194507 0.043179816255880805
0.7241916080450159 0.04275194441681586
0.7269952498697734 0.04232232145359545
0.7297899303107436 0.041890910940915196
0.7325755390387292 0.0414576842154102
0.735351966082666 0.041022620558658435
0.7381191018339692 0.04058570735516213
0.7408768370508574 0.04014694022496551
0.7436250628626659 0.039706323130637766
0.7463636707741457 0.039263868458427956
0.7490925526697452 0.03881959707347463
0.7518116008178803 0.03837353834902802
0.7545207078751854 0.037925730169719375
0.7572197668907532 0.03747621890898616
0.7599086713103547 0.03702505938083854
0.7625873149806475 0.03657231476622403
0.7652555921533668 0.036118056514322164
0.767913397489498 0.03566236421917204
0.7705606260634379 0.03520532547210395
0.7731971733671343 0.034747035690518124
0.7758229353142152 0.03428759792361665
0.7784378082440937 0.033827122635761875
0.7810416889260652 0.03336572746819451
0.7836344745633781 0.032903536979907215
0.7862160627972954 0.03244068236852338
0.7887863517111335 0.0319773011720885
0.7913452398342877 0.03151353695273077
0.7938926261462365 0.03104953896319781
0.7964284100805294 0.030585461797320728
0.7989524915287594 0.030121465025498857
0.8014647708445122 0.029657712816338767
0.8039651488473027 0.029194373545613814
0.8064535268264881 0.028731619393745016
0.8089298065451671 0.028269625933028945
0.8113938902440561 0.02780857170586616
0.81384568064535 0.027348637795260197
0.816285080956562 0.026890007388877302
0.8187119948743447 0.026432865337967383
0.8211263265882922 0.025977397712456676
0.823527980784722 0.02552379135352744
0.8259168626504394 0.02507223342500013
0.828292877876478 0.024622910964832687
0.8306559326618259 0.02417601043804165
0.8330059337171258 0.023731717292343257
0.8353427882683597 0.023290215517794102
0.8376664040605122 0.022851687211696014
0.8399766893612095 0.02241631215000752
0.8422735529643444 0.021984267366476316
0.844556904193674 0.02155572674068287
0.8468266529064026 0.021130860596148257
0.8490827094967361 0.02070983530962856
0.8513249848994247 0.020292812932674018
0.8535533905932737 0.019879950826496
0.8557678386046423 0.019471401311133354
0.8579682415109156 0.0190673113298679
0.8601545124439531 0.018667822129786384
0.8623265650935235 0.01827306895933212
0.8644843137107057 0.01788318078364024
0.8666276731112801 0.017498280018386082
0.8687565586790869 0.017118482282825673
0.8708708863693697 0.016743896172639335
0.8729705727120911 0.016374623053133426
0.8750555348152296 0.016010756873287332
0.877125690368052 0.01565238400107126
0.8791809576443608 0.015299583080393852
0.8812212555057239 0.014952424909970766
0.8832465034046748 0.014610972344342273
0.8852566213878947 0.014275280217195933
0.8872515300993669 0.013945395287087622
0.8892311507835118 0.013621356205582682
0.891195405288294 0.013303193507775668
0.8931442160683094 0.012990929625077034
0.8950775061878451 0.012684578920091966
0.8969951993239176 0.012384147743349241
0.8988972197692855 0.012089634511575315
0.9007834924354383 0.011801029807145008
0.9026539428555611 0.011518316498279132
0.9045084971874737 0.01124146987949939
0.9063470822165471 0.01097045783179242
0.908169625358592 0.010705241001879503
0.909976054662726 0.01044577299993286
0.9117662988142137 0.010192000615029279
0.9135402871372809 0.009943864047581363
0.9152979495979063 0.009701297157939496
0.9170392168065855 0.00946422773031459
0.9187640200210709 0.009232577751128854
0.9204722911490846 0.009006263700864612
0.9221639627510076 0.008785196858444227
0.9238389680425416 0.008569283617143505
0.9254972408973461 0.008358425811010038
0.9271387158496476 0.00815252105073372
0.9287633280968262 0.007951463067892362
0.9303710135019718 0.007755142066478133
0.9319617085964176 0.007563445080592938
0.933535350582245 0.00737625633719009
0.9350918773347627 0.007193457622730294
0.9366312274049602 0.007014928652614553
0.9381533400219317 0.006840547442255896
0.9396581550952783 0.006670190678652168
0.9411456132174767 0.006503734091329547
0.9426156556662275 0.006341052821532892
0.9440682244067724 0.0061820217885534936
0.9455032620941839 0.0060265160520991965
0.946920712075632 0.005874411169630576
0.948320518392618 0.00572558354761065
0.9497026257831855 0.005579910785638849
0.9510669796841014 0.0054372720124703025
0.9524135262330098 0.005297548212951722
0.9537422122705586 0.005160622544940141
0.9550529853424978 0.005026380645307396
0.9563457937017514 0.0048947109241732605
0.9576205863104588 0.004765504846552339
0.9588773128419907 0.004638657200643957
0.9601159236829351 0.004514066352041823
0.9613363699350574 0.004391634483187991
0.962538603417229 0.004271267817447943
0.9637225766673305 0.00415287682723417
0.9648882429441255 0.0040363764256614665
0.9660355562291054 0.003921686141271388
0.9671644712283058 0.003808730275420725
0.9682749433740963 0.0036974380419857074
0.9693669288269369 0.0035877436890936116
0.9704403844771126 0.00347958660265066
0.9714952679464322 0.003372911391497144
0.9725315375899024 0.00326766795407856
0.9735491524973721 0.0031638115265830665
0.9745480724951472 0.0030613027125549635
0.9755282581475768 0.002960107494053928
0.9764896707586093 0.002860197224488842
0.9774322723733215 0.0027615486033135167
0.9783560257794153 0.002664143632830357
0.9792608945086878 0.0025679695574032583
0.9801468428384714 0.002473018785438275
0.9810138357930429 0.002379288794543952
0.9818618391450049 0.0022867820203360282
0.9826908194166368 0.002195505729402693
0.9835007438812176 0.0021054718769953503
0.9842915805643155 0.0020166969500578042
0.9850632982450529 0.001929201796250708
0.9858158664573369 0.001843011439672396
0.9865492554910631 0.0017581548840164606
0.9872634363932886 0.0016746649039450468
0.9879583809693737 0.0015925778254920466
0.9886340617840967 0.0015119332963422424
0.9892904521627359 0.0014327740468634037
0.9899275261921234 0.0013551456427937417
0.990545258721667 0.0012790962305120712
0.9911436253643444 0.0012046762758375095
0.9917226024976649 0.0011319382973244848
0.9922821672646027 0.001060936595031692
0.9928222975744989 0.0009917269757561595
0.993342972103934 0.0009243664757302526
0.9938441702975689 0.0008589130817851043
0.994325872368957 0.0007954254519843788
0.9947880593013254 0.0007339626367308417
0.9952307128483255 0.0006745838013429964
0.9956538155347534 0.0006173479510902002
0.9960573506572388 0.0005623136596634311
0.9964413022849068 0.0005095388020431792
0.9968056552600042 0.0004590802927096454
0.9971503951984995 0.00041099383011695474
0.9974755084906501 0.00036533364833128045
0.99778098230154 0.00032215227670453155
0.9980668045715864 0.00028150030842577717
0.9983329640170149 0.00024342617876056528
0.9985794501303069 0.0002079759537520238
0.9988062531806126 0.00017519313012179791
0.9990133642141359 0.0001451184470669346
0.9992007750544876 0.00011778971060825439
0.9993684783030088 9.324163110013641e-05
0.9995164673390624 7.150567446653914e-05
0.9996447363202945 5.260992767886793e-05
0.9997532801828659 3.6578978942075014e-05
0.99984209464165 2.3433813004635437e-05
0.9999111761904045 1.3191721953601617e-05
0.9999605221019081 5.86623180492353e-06
0.9999901304280685 1.4670451418385305e-06
1 0
