1 0
0.9999901304280685 3.694746624026814e-12
0.9999605221019081 1.4766549854391064e-11
0.9999111761904045 3.317814229631549e-11
0.99984209464165 5.886755324738605e-11
0.9997532801828658 9.174833243198754e-11
0.9996447363202946 1.31709775064734e-10
0.9995164673390624 1.7861747734907504e-10
0.9993684783030088 2.3231356100709543e-10
0.9992007750544876 2.9261739076724344e-10
0.9990133642141358 3.5932613412774806e-10
0.9988062531806126 4.3221541032615815e-10
0.9985794501303069 5.110401770269841e-10
0.9983329640170149 5.955354547178271e-10
0.9980668045715863 6.854173076277417e-10
0.99778098230154 7.803837504319604e-10
0.9974755084906501 8.801159045264059e-10
0.9971503951984995 9.842789810195901e-10
0.9968056552600042 1.0925234943614213e-09
0.9964413022849068 1.2044864592481927e-09
0.996057350657239 1.3197926234959773e-09
0.9956538155347533 1.4380558949048973e-09
0.9952307128483255 1.5588803974888807e-09
0.9947880593013254 1.6818621905324155e-09
0.994325872368957 1.8065904486361944e-09
0.9938441702975689 1.9326489780280634e-09
0.993342972103934 2.0596176620755677e-09
0.992822297574499 2.187073925067305e-09
0.9922821672646027 2.3145942764420807e-09
0.9917226024976649 2.4417556944477184e-09
0.9911436253643444 2.5681372360728677e-09
0.990545258721667 2.69332147773485e-09
0.9899275261921234 2.816896016574408e-09
0.989290452162736 2.93845493640546e-09
0.9886340617840967 3.0576003233213217e-09
0.9879583809693737 3.173943596010767e-09
0.9872634363932886 3.2871070281947218e-09
0.9865492554910633 3.3967250537888377e-09
0.985815866457337 3.502445720818606e-09
0.9850632982450529 3.60393183546949e-09
0.9842915805643155 3.7008623325184703e-09
0.9835007438812176 3.79293348486999e-09
0.9826908194166369 3.879860020934711e-09
0.9818618391450049 3.961376289496332e-09
0.9810138357930429 4.03723719537806e-09
0.9801468428384715 4.107219271284879e-09
0.9792608945086879 4.17112157140298e-09
0.9783560257794153 4.228766470673606e-09
0.9774322723733215 4.280000423084046e-09
0.9764896707586095 4.3246946826620836e-09
0.9755282581475768 4.362745960936193e-09
0.9745480724951473 4.3940767569666805e-09
0.9735491524973722 4.41863602868367e-09
0.9725315375899024 4.436399403656005e-09
0.9714952679464323 4.44736944450394e-09
0.9704403844771128 4.451575908240302e-09
0.9693669288269371 4.44907577272502e-09
0.9682749433740961 4.439953248374512e-09
0.9671644712283061 4.424319569994867e-09
0.9660355562291054 4.4023130952274e-09
0.9648882429441257 4.374098657063119e-09
0.9637225766673307 4.339867508765249e-09
0.962538603417229 4.299836676817381e-09
0.9613363699350574 4.254248420990786e-09
0.9601159236829352 4.20336968183499e-09
0.9588773128419905 4.147491339083487e-09
0.9576205863104588 4.086927239774912e-09
0.9563457937017514 4.0220135754873154e-09
0.9550529853424978 3.953107678873746e-09
0.9537422122705584 3.880587073901154e-09
0.9524135262330098 3.8048482923352944e-09
0.9510669796841014 3.726305749206238e-09
0.9497026257831855 3.6453903940608656e-09
0.948320518392618 3.5625484125223483e-09
0.9469207120756319 3.4782398255009395e-09
0.9455032620941839 3.3929369947297006e-09
0.9440682244067723 3.307123203760698e-09
0.9426156556662276 3.2212909640075282e-09
0.9411456132174767 3.1359405783942806e-09
0.9396581550952781 3.0515783398452068e-09
0.9381533400219317 2.968714885032142e-09
0.9366312274049601 2.887863621847675e-09
0.9350918773347628 2.8095387761065127e-09
0.933535350582245 2.734253847641588e-09
0.9319617085964176 2.6625196561380626e-09
0.9303710135019718 2.5948426836050476e-09
0.9287633280968262 2.531723248579143e-09
0.9271387158496476 2.473653719359259e-09
0.925497240897346 2.4211167549970103e-09
0.9238389680425416 2.374583503786387e-09
0.9221639627510075 2.3345119327250474e-09
0.9204722911490846 2.301344999115773e-09
0.9187640200210709 2.2755090711007453e-09
0.9170392168065856 2.257412165182493e-09
0.9152979495979063 2.247442422269319e-09
0.9135402871372809 2.2459664223914433e-09
0.9117662988142137 2.253327760493029e-09
0.9099760546627261 2.2698455112019067e-09
0.908169625358592 2.2958128679390066e-09
0.9063470822165469 2.3314957386597057e-09
0.9045084971874737 2.377131462158455e-09
0.9026539428555609 2.4329277377443947e-09
0.9007834924354383 2.4990612669528733e-09
0.8988972197692855 2.5756769425622217e-09
0.8969951993239177 2.662886714951962e-09
0.8950775061878452 2.7607688132119668e-09
0.8931442160683094 2.8693669332918725e-09
0.891195405288294 2.9886895267644542e-09
0.8892311507835118 3.1187092734696886e-09
0.8872515300993669 3.2593625558935413e-09
0.8852566213878946 3.4105490809982486e-09
0.8832465034046749 3.5721315766457096e-09
0.8812212555057239 3.7439357187391e-09
0.879180957644361 3.925749895300479e-09
0.8771256903680519 4.117325454536247e-09
0.8750555348152298 4.318376628509313e-09
0.8729705727120911 4.528581058760306e-09
0.8708708863693696 4.747579926411838e-09
0.868756558679087 4.974978571464783e-09
0.8666276731112801 5.2103471103598364e-09
0.8644843137107058 5.453221022314048e-09
0.8623265650935233 5.703102089540946e-09
0.8601545124439535 5.959459157059421e-09
0.8579682415109156 6.221729411184929e-09
0.8557678386046428 6.489319148011985e-09
0.8535533905932737 6.761605404054238e-09
0.8513249848994247 7.037936877382633e-09
0.8490827094967364 7.317635641532205e-09
0.8468266529064025 7.599998585322565e-09
0.8445569041936742 7.884298844004767e-09
0.8422735529643444 8.169787780315518e-09
0.8399766893612096 8.455696429501836e-09
0.8376664040605122 8.741237582723937e-09
0.83534278826836 9.025607537391234e-09
0.8330059337171258 9.307988203116624e-09
0.8306559326618259 9.587548980422023e-09
0.8282928778764782 9.863448982919132e-09
0.8259168626504394 1.0134839188366551e-08
0.8235279807847222 1.0400864478704586e-08
0.8211263265882922 1.0660666063463942e-08
0.8187119948743449 1.0913383563168622e-08
0.8162850809565623 1.1158157474377983e-08
0.8138456806453502 1.1394131339825808e-08
0.8113938902440563 1.1620454137134528e-08
0.8089298065451672 1.1836282634569706e-08
0.8064535268264883 1.2040783668731958e-08
0.8039651488473027 1.2233136585312887e-08
0.8014647708445124 1.241253542484666e-08
0.7989524915287595 1.257819140336458e-08
0.7964284100805297 1.2729335044370238e-08
0.7938926261462366 1.2865218574492632e-08
0.7913452398342881 1.2985117991276551e-08
0.7887863517111338 1.3088335448427357e-08
0.7862160627972955 1.3174201219517956e-08
0.7836344745633783 1.3242075840372292e-08
0.7810416889260653 1.3291352180325178e-08
0.778437808244094 1.3321457308784757e-08
0.7758229353142152 1.3331854495368667e-08
0.7731971733671346 1.3322044856156623e-08
0.7705606260634379 1.3291569275764026e-08
0.7679133974894983 1.3240009852366619e-08
0.765255592153367 1.316699163589341e-08
0.7625873149806479 1.3072183897844258e-08
0.7599086713103547 1.2955301671724317e-08
0.7572197668907532 1.2816106721019738e-08
0.7545207078751857 1.2654408954732022e-08
0.7518116008178805 1.2470067322495337e-08
0.7490925526697454 1.2262990671529916e-08
0.7463636707741458 1.2033138620942685e-08
0.7436250628626662 1.1780522120308223e-08
0.7408768370508576 1.1505204094985899e-08
0.7381191018339696 1.1207299737553411e-08
0.7353519660826664 1.0886976865159825e-08
0.7325755390387292 1.05444560617729e-08
0.729789930310744 1.0180010518584526e-08
0.7269952498697734 9.793966262994225e-09
0.7241916080450163 9.386701482066995e-09
0.7213791155194509 8.958646494777733e-09
0.7185578833254664 8.510282971385674e-09
0.7157280228404795 8.042143461589601e-09
0.7128896457825363 7.554810433491044e-09
0.7100428642059032 7.048915489499263e-09
0.7071877904966422 6.525138249169338e-09
0.7043245373681746 5.984205173059642e-09
0.7014532178568313 5.426888338017077e-09
0.6985739453173903 4.85400385163981e-09
0.6956868334186013 4.2664104575595996e-09
0.6927919961386984 3.6650078145961107e-09
0.6898895477609006 3.0507347828501175e-09
0.6869796028689001 2.4245673212186514e-09
0.6840622763423391 1.7875168498160399e-09
0.6811376833522729 1.1406278595249564e-09
0.6782059393566253 4.849759691061273e-10
0.6752671600956295 -1.7833462831462477e-10
0.6723214615872585 -8.481732087506355e-10
0.6693689601226458 -1.5233851784202113e-09
0.6664097722614933 -2.2027945023594953e-09
0.6634440148274712 -2.885206212832614e-09
0.6604718049036047 -3.5694092334614957e-09
0.6574932598276524 -4.254178846002654e-09
0.6545084971874737 -4.938279608152074e-09
0.651517634816387 -5.62046800767213e-09
0.6485207907885174 -6.299495411421496e-09
0.6455180834141359 -6.974110716012616e-09
0.642509631234988 -7.643063459905619e-09
0.6394955530196147 -8.305106481004687e-09
0.6364759677586627 -8.958998900382431e-09
0.6334509946601878 -9.603509053962567e-09
0.6304207531449485 -1.0237417209096877e-08
0.6273853628416911 -1.0859518610739638e-08
0.6243449435824275 -1.1468626194555132e-08
0.6212996153977037 -1.2063573449211384e-08
0.6182494985118624 -1.2643217119079342e-08
0.6151947133382953 -1.3206440073465497e-08
0.6121353804746905 -1.3752153842777615e-08
0.6090716206982714 -1.4279301296937774e-08
0.6060035549610274 -1.478685919889533e-08
0.6029313043849407 -1.5273840660995353e-08
0.5998549902572035 -1.5739297618694303e-08
0.5967747340254301 -1.6182323089170003e-08
0.5936906572928624 -1.660205344727883e-08
0.5906028818135687 -1.6997670503754447e-08
0.5875115294876381 -1.7368403649326014e-08
0.5844167223563669 -1.7713531672708394e-08
0.5813185825974418 -1.8032384693084103e-08
0.5782172325201155 -1.832434576645725e-08
0.5751127945603786 -1.8588852509354714e-08
0.572005391276126 -1.8825398594157772e-08
0.568895145342319 -1.9033535050144712e-08
0.5657821795461413 -1.9212871467388926e-08
0.5626666167821521 -1.9363077013306862e-08
0.5595485800474349 -1.9483881497778244e-08
0.5564281924367408 -1.9575075987238177e-08
0.5533055771376301 -1.9636513578363823e-08
0.5501808574256075 -1.9668109842163606e-08
0.5470541566592573 -1.966984314663578e-08
0.5439255982753717 -1.9641754955140867e-08
0.5407953057840789 -1.9583949784768295e-08
0.5376634027639664 -1.9496595178580822e-08
0.534530012857203 -1.937992141418099e-08
0.5313952597646567 -1.9234221163705323e-08
0.5282592672410122 -1.9059848924835032e-08
0.5251221590898848 -1.8857220358131643e-08
0.5219840591589324 -1.862681147518641e-08
0.5188450913349674 -1.8369157580439e-08
0.5157053795390643 -1.8084852275446206e-08
0.5125650477216688 -1.777454614049212e-08
0.5094242198577041 -1.7438945388442706e-08
0.5062830199416763 -1.707881024104463e-08
0.5031415719827795 -1.669495353420758e-08
0.5 -1.6288238594702742e-08
0.4968584280172206 -1.5859577699728344e-08
0.49371698005832365 -1.540992982176914e-08
0.49057578014229597 -1.4940298633664417e-08
0.48743495227833133 -1.4451730232650783e-08
0.48429462046093585 -1.3945310871343874e-08
0.48115490866503274 -1.3422164511778245e-08
0.4780159408410676 -1.2883450278833308e-08
0.4748778409101153 -1.2330359993456552e-08
0.47174073275898776 -1.1764115320778146e-08
0.46860474023534326 -1.1185965209659088e-08
0.4654699871427971 -1.0597183030397472e-08
0.4623365972360337 -9.999063677740283e-09
0.45920469421592125 -9.392920753692469e-09
0.45607440172462843 -8.78008353175086e-09
0.45294584334074284 -8.16189405297707e-09
0.4498191425743925 -7.539704024311922e-09
0.44669442286237004 -6.91487192158724e-09
0.4435718075632592 -6.288759790695764e-09
0.4404514199525651 -5.6627303297862586e-09
0.43733338321784787 -5.038143777169601e-09
0.4342178204538588 -4.416354865144356e-09
0.431104854657681 -3.79870984321129e-09
0.42799460872387385 -3.1865434145517124e-09
0.42488720543962144 -2.5811758494476145e-09
0.4217827674798845 -1.9839099425766893e-09
0.41868141740255815 -1.3960282999048168e-09
0.415583277643633 -8.187902994505336e-10
0.4124884705123619 -2.5342946491369034e-10
0.4093971181864312 2.9884929947376904e-10
0.4063093427071376 8.36872321441362e-10
0.40322526597456987 1.3594997419486e-09
0.40014500974279654 1.8656279854312174e-09
0.39706869561505953 2.354192132902888e-09
0.3939964450389728 2.8241682534235757e-09
0.39092837930172886 3.2745754927065995e-09
0.3878646195253095 3.704478279686896e-09
0.3848052866617049 4.112988186144584e-09
0.38175050148813783 4.499265883473047e-09
0.3787003846022964 4.862522801074576e-09
0.3756550564175727 5.2020227361837534e-09
0.372614637158309 5.517083428996372e-09
0.3695792468550516 5.807077811670336e-09
0.3665490053398124 6.071435312837714e-09
0.36352403224133745 6.3096428290498885e-09
0.3605044469803854 6.521245869695047e-09
0.35749036876501195 6.70584911904859e-09
0.35448191658586414 6.863117338329339e-09
0.3514792092114827 6.9927756848886524e-09
0.3484823651836131 7.094610253444156e-09
0.3454915028125263 7.1684681801631456e-09
0.3425067401723477 7.21425787164609e-09
0.3395281950963953 7.231948810637601e-09
0.3365559851725288 7.2215714727597025e-09
0.3335902277385068 7.183216951811566e-09
0.3306310398773543 7.117036474046934e-09
0.3276785384127415 7.0232407251014095e-09
0.3247328399043705 6.902099274064266e-09
0.3217940606433747 6.753939484072102e-09
0.31886231664772713 6.5791456171915286e-09
0.31593772365766104 6.37815764786831e-09
0.31302039713109986 6.151469958415312e-09
0.3101104522390995 5.899630041439341e-09
0.30720800386130176 5.623236855323288e-09
0.30431316658139873 5.322939353180622e-09
0.30142605468260975 4.999434581598461e-09
0.29854678214316865 4.653465987547456e-09
0.29567546263182554 4.285821371408094e-09
0.29281220950335796 3.897330902447038e-09
0.2899571357940969 3.4888650857212156e-09
0.28711035421746367 3.06133233346495e-09
0.28427197715952046 2.6156769389329426e-09
0.28144211667453367 2.152876571459572e-09
0.27862088448054934 1.673939910296074e-09
0.27580839195498397 1.1799041396698406e-09
0.2730047501302266 6.718325132326619e-10
0.2702100696892561 1.5081163401431397e-10
0.2674244609612708 -3.8205099500698836e-10
0.2646480339173337 -9.256297395232593e-10
0.26188089816603033 -1.4787834082263807e-09
0.2591231629491423 -2.0403579936711935e-09
0.2563749371373337 -2.6091893437496516e-09
0.25363632922585433 -3.184105902553913e-09
0.2509074473302546 -3.763931350625471e-09
0.24818839918211966 -4.347487338879352e-09
0.24547929212481434 -4.9335961600782685e-09
0.2427802331092468 -5.521083389081749e-09
0.24009132868964522 -6.108780557789739e-09
0.2374126850193521 -6.695527677430535e-09
0.23474440784663286 -7.280175833707103e-09
0.2320866025105015 -7.861589729901697e-09
0.2294393739365621 -8.43865004956923e-09
0.22680282663286544 -9.010255954539081e-09
0.2241770646857849 -9.575327319238935e-09
0.2215621917559062 -1.0132807069102023e-08
0.21895831107393482 -1.0681663387135387e-08
0.2163655254366219 -1.1220891691504642e-08
0.2137839372027046 -1.1749516800468873e-08
0.21121364828886624 -1.2266594833637567e-08
0.20865476016571205 -1.2771215002205238e-08
0.20610737385376354 -1.326250145122776e-08
0.20357158991947033 -1.3739614796587363e-08
0.20104750847124075 -1.4201753738285472e-08
0.19853522915548782 -1.4648156548835445e-08
0.19603485115269748 -1.5078102266752325e-08
0.19354647317351192 -1.5490912021881575e-08
0.1910701934548329 -1.5885950103988744e-08
0.18860610975594383 -1.6262624982776863e-08
0.18615431935464977 -1.662039006075644e-08
0.18371491904343773 -1.6958744561423877e-08
0.18128800512565513 -1.7277234153761922e-08
0.1788736734117078 -1.7575451320001045e-08
0.176472019215278 -1.785303599399768e-08
0.1740831373495607 -1.8109675564703664e-08
0.1717071221235218 -1.8345105198824818e-08
0.1693440673381741 -1.8559107851229273e-08
0.16699406628287417 -1.8751514133108493e-08
0.16465721173164005 -1.892220216972995e-08
0.16233359593948782 -1.907109725349243e-08
0.16002331063879038 -1.9198171410245157e-08
0.15772644703565564 -1.9303442858054076e-08
0.15544309580632587 -1.9386975420865316e-08
0.15317334709359764 -1.94488777166546e-08
0.15091729050326375 -1.948930225884049e-08
0.14867501510057546 -1.950844466525048e-08
0.14644660940672627 -1.9506542433406215e-08
0.14423216139535733 -1.948387393091444e-08
0.14203175848908445 -1.9440757028504896e-08
0.13984548755604653 -1.9377547979398946e-08
0.13767343490647665 -1.929463981295565e-08
0.13551568628929433 -1.919246103362915e-08
0.13337232688872014 -1.9071474035431413e-08
0.13124344132091315 -1.8932173485169956e-08
0.1291291136306305 -1.8775084608541048e-08
0.1270294272879089 -1.860076163234803e-08
0.1249444651847702 -1.8409785831202674e-08
0.12287430963194801 -1.8202763851782322e-08
0.120819042355639 -1.7980325783817364e-08
0.11877874449427606 -1.7743123283120443e-08
0.11675349659532519 -1.7491827743187915e-08
0.11474337861210548 -1.7227128282920612e-08
0.11274846990063314 -1.6949729685772352e-08
0.11076884921648833 -1.666035071012928e-08
0.108804594711706 -1.635972183416934e-08
0.1068557839316906 -1.6048583500322122e-08
0.1049224938121548 -1.5727683922578395e-08
0.10300480067608231 -1.5397777386461087e-08
0.1011027802307145 -1.5059622052865373e-08
0.09921650756456168 -1.4713978296193586e-08
0.09734605714443911 -1.4361606424928564e-08
0.09549150281252627 -1.4003265283446531e-08
0.09365291778345308 -1.363970998646824e-08
0.09183037464140797 -1.3271690482707932e-08
0.09002394533727376 -1.2899949438510694e-08
0.08823370118578633 -1.2525220829257e-08
0.08645971286271903 -1.2148228225455915e-08
0.08470205040209366 -1.1769683040674384e-08
0.08296078319341449 -1.1390283129880663e-08
0.08123597997892917 -1.1010711370440518e-08
0.07952770885091542 -1.0631634080049412e-08
0.07783603724899257 -1.0253699767731606e-08
0.07616103195745849 -9.877537999330999e-09
0.07450275910265414 -9.5037579021795e-09
0.07286128415035242 -9.13294738100201e-09
0.07123667190317395 -8.765671882793313e-09
0.06962898649802818 -8.402473418434031e-09
0.06803829140358242 -8.043869906965151e-09
0.06646464941775498 -7.690354221490114e-09
0.06490812266523716 -7.342393391202018e-09
0.06336877259504003 -7.000428309950069e-09
0.061846659978068264 -6.664872948675127e-09
0.06034184490472194 -6.336113880095473e-09
0.058854386782523416 -6.01451021972621e-09
0.057384344333772486 -5.700392994439918e-09
0.05593177559322782 -5.39406527083619e-09
0.054496737905816106 -5.095801832583069e-09
0.05307928792436811 -4.8058493191949214e-09
0.051679481607382005 -4.524426198276865e-09
0.05029737421681446 -4.251722925119328e-09
0.048933020315898634 -3.98790226882606e-09
0.04758647376699032 -3.73309951354206e-09
0.04625778772944156 -3.487422933767803e-09
0.04494701465750217 -3.2509541204872594e-09
0.043654206298248566 -3.0237486889350684e-09
0.042379413689541234 -2.8058367088079628e-09
0.041122687158009485 -2.5972234363180746e-09
0.03988407631706481 -2.3978900497156896e-09
0.038663630064942556 -2.2077943882814477e-09
0.037461396582771034 -2.0268717815241644e-09
0.03627742333266937 -1.8550360362384888e-09
0.035111757055874326 -1.692180170292934e-09
0.03396444377089458 -1.5381776581613327e-09
0.032835528771693934 -1.3928831976706135e-09
0.03172505662590386 -1.2561338601224659e-09
0.03063307117306291 -1.1277502751094737e-09
0.029559615522887217 -1.007537513489365e-09
0.02850473205356774 -8.952864474082167e-10
0.027468462410097594 -7.907747200108783e-10
0.02645084750262794 -6.937680551571956e-10
0.02545192750485281 -6.040215376479363e-10
0.02447174185242318 -5.212803452780967e-10
0.023510329241390626 -4.4528142978395024e-10
0.02256772762667847 -3.757545576771326e-10
0.021643974220584727 -3.1242330944536434e-10
0.02073910549131197 -2.5500649682153043e-10
0.019853157161528467 -2.0321923137334164e-10
0.01898616420695709 -1.567739254387801e-10
0.01813816085499509 -1.1538173368130789e-10
0.01730918058336306 -7.875331289874943e-11
0.016499256118782446 -4.660017684232631e-11
0.015708419435684462 -1.8635421331070212e-11
0.014936701754947102 5.424986848634461e-12
0.014184133542663013 2.5861358193823847e-11
0.013450744508936685 4.2949501594113926e-11
0.012736563606711382 5.6959492678032575e-11
0.012041619030626283 6.815519155989325e-11
0.01136593821590326 7.679330435439446e-11
0.010709547837263966 8.312269102195291e-11
0.01007247380787657 8.738350494585934e-11
0.009454741278333012 8.980697088767364e-11
0.008856374635655695 9.061445430808002e-11
0.008277397502335138 9.001690191856593e-11
0.007717832735397279 8.821484862031603e-11
0.007177702425500976 8.53975891737524e-11
0.006657027896066037 8.174280783507237e-11
0.006155829702431115 7.741679866613005e-11
0.005674127631043024 7.257372740959722e-11
0.005211940698674589 6.735573123556327e-11
0.004769287151674462 6.189279817825355e-11
0.004346184465246816 5.630285387220324e-11
0.0039426493427611176 5.0691189093510225e-11
0.0035586977150932064 4.515156044188062e-11
0.0031943447399958025 3.97656907402677e-11
0.002849604801500538 3.4603432966240355e-11
0.0025244915093498577 2.9723250770385956e-11
0.002219017698460002 2.5172468710171758e-11
0.0019331954284137476 2.0987740625283413e-11
0.0016670359829851211 1.719493818164164e-11
0.0014205498696930885 1.381066051450719e-11
0.0011937468193874423 1.0841698632607644e-11
0.0009866357858642205 8.2862510256132e-12
0.0007992249455124334 6.133682537573515e-12
0.0006315216969912107 4.366616443429727e-12
0.0004835326609375912 2.960128019438568e-12
0.00035526367970539763 1.882930660349058e-12
0.0002467198171342 1.099451476041513e-12
0.00015790535835003006 5.667001156534068e-13
8.882380959551739e-05 2.403681637411226e-13
3.947789809188862e-05 7.149402597717014e-14
9.869571931497845e-06 8.957298878314868e-15
0 0


1.0 0.0
0.9999901304280685 2.1005735338553375e-06
0.9999605221019081 8.401138295383359e-06
0.9999111761904045 1.889822896161492e-05
0.99984209464165 3.3586077311692e-05
0.9997532801828658 5.245662318492095e-05
0.9996447363202946 7.54995297846702e-05
0.9995164673390624 0.00010270220329135796
0.9993684783030088 0.00013404981673747866
0.9992007750544876 0.00016952533808655107
0.9990133642141358 0.00020910956244876662
0.9988062531806126 0.00025278114835533365
0.9985794501303069 0.00030051665800433734
0.9983329640170149 0.00035229060138112833
0.9980668045715863 0.0004080754841470385
0.99778098230154 0.0004678418591814855
0.9974755084906501 0.0005315583816532847
0.9971503951984995 0.0005991918674895677
0.9968056552600042 0.0006707073551014609
0.9964413022849068 0.000746068170219336
0.996057350657239 0.0008252359936820659
0.9956538155347533 0.0009081709320187681
0.9952307128483255 0.0009948315906540893
0.9947880593013254 0.0010851751495633227
0.994325872368957 0.0011791574411970053
0.9938441702975689 0.0012767330304900592
0.993342972103934 0.0013778552967659498
0.992822297574499 0.0014824765173419554
0.9922821672646027 0.0015905479526386805
0.9917226024976649 0.0017020199325926764
0.9911436253643444 0.0018168419441697262
0.990545258721667 0.0019349627197735415
0.9899275261921234 0.002056330326342937
0.989290452162736 0.0021808922549305526
0.9886340617840967 0.002308595510554145
0.9879583809693737 0.00243938670211313
0.9872634363932886 0.0025732121321624586
0.9865492554910633 0.0027100178863377128
0.985815866457337 0.002849749922226553
0.9850632982450529 0.0029923541574840883
0.9842915805643155 0.003137776556992163
0.9835007438812176 0.0032859632188659504
0.9826908194166369 0.0034368604591147214
0.9818618391450049 0.0035904148947678224
0.9810138357930429 0.0037465735252818406
0.9801468428384715 0.0039052838120492736
0.9792608945086879 0.0040664937558356155
0.9783560257794153 0.004230151971976477
0.9774322723733215 0.004396207763173874
0.9764896707586095 0.004564611189736633
0.9755282581475768 0.004735313137117674
0.9745480724951473 0.00490826538060789
0.9735491524973722 0.005083420647054562
0.9725315375899024 0.005260732673480038
0.9714952679464323 0.005440156262484897
0.9704403844771128 0.005621647334328751
0.9693669288269371 0.005805162975590228
0.9682749433740961 0.005990661484317312
0.9671644712283061 0.006178102411588142
0.9660355562291054 0.006367446599412307
0.9648882429441257 0.00655865621491146
0.9637225766673307 0.006751694780729055
0.962538603417229 0.006946527201627564
0.9613363699350574 0.007143119787241999
0.9601159236829352 0.007341440270969045
0.9588773128419905 0.007541457824979516
0.9576205863104588 0.007743143071353346
0.9563457937017514 0.007946468089345302
0.9550529853424978 0.008151406418799365
0.9537422122705584 0.008357933059739824
0.9524135262330098 0.008566024468176442
0.9510669796841014 0.008775658548170423
0.9497026257831855 0.00898681464021709
0.948320518392618 0.009199473506010669
0.9469207120756319 0.009413617309664571
0.9455032620941839 0.009629229595469902
0.9440682244067723 0.009846295262282848
0.9426156556662276 0.010064800534639628
0.9411456132174767 0.010284732930705281
0.9396581550952781 0.010506081227170387
0.9381533400219317 0.010728835421216061
0.9366312274049601 0.010952986689675212
0.9350918773347628 0.011178527345523256
0.933535350582245 0.011405450791838143
0.9319617085964176 0.011633751473374714
0.9303710135019718 0.011863424825903413
0.9287633280968262 0.012094467223468155
0.9271387158496476 0.012326875923721921
0.925497240897346 0.012560649011502872
0.9238389680425416 0.012795785340816714
0.9221639627510075 0.01303228447539357
0.9204722911490846 0.01327014662799054
0.9187640200210709 0.013509372598612276
0.9170392168065856 0.013749963711823611
0.9152979495979063 0.01399192175332897
0.9135402871372809 0.014235248905993746
0.9117662988142137 0.01447994768548255
0.9099760546627261 0.014726020875688795
0.908169625358592 0.014973471464128809
0.9063470822165469 0.015222302577472377
0.9045084971874737 0.015472517417379152
0.9026539428555609 0.0157241191968087
0.9007834924354383 0.015977111076967802
0.8988972197692855 0.016231496105056826
0.8969951993239177 0.016487277152971547
0.8950775061878452 0.01674445685711415
0.8931442160683094 0.01700303755946141
0.891195405288294 0.01726302125003368
0.8892311507835118 0.017524409510902932
0.8872515300993669 0.017787203461872247
0.8852566213878946 0.018051403707952992
0.8832465034046749 0.018317010288760496
0.8812212555057239 0.01858402262994102
0.879180957644361 0.01885243949673722
0.8771256903680519 0.019122258949791488
0.8750555348152298 0.019393478303279293
0.8729705727120911 0.019666094085457365
0.8708708863693696 0.019940102001703458
0.868756558679087 0.020215496900116692
0.8666276731112801 0.02049227273973963
0.8644843137107058 0.020770422561454737
0.8623265650935233 0.02104993846159977
0.8601545124439535 0.02133081156833868
0.8579682415109156 0.021613032020815662
0.8557678386046428 0.021896588951112156
0.8535533905932737 0.022181470469018128
0.8513249848994247 0.02246766364962028
0.8490827094967364 0.022755154523702532
0.8468266529064025 0.023043928070944686
0.8445569041936742 0.023333968215898226
0.8422735529643444 0.02362525782670981
0.8399766893612096 0.023917778716555066
0.8376664040605122 0.024211511647738215
0.83534278826836 0.024506436338405102
0.8330059337171258 0.024802531471810434
0.8306559326618259 0.02509977470807295
0.8282928778764782 0.025398142698345266
0.8259168626504394 0.025697611101319354
0.8235279807847222 0.0259981546019818
0.8211263265882922 0.026299746932527603
0.8187119948743449 0.026602360895335662
0.8162850809565623 0.02690596838790391
0.8138456806453502 0.027210540429637248
0.8113938902440563 0.02751604719037698
0.8089298065451672 0.027822458020556624
0.8064535268264883 0.028129741482864776
0.8039651488473027 0.028437865385292985
0.8014647708445124 0.028746796815443412
0.7989524915287595 0.029056502175968578
0.7964284100805297 0.029366947221013556
0.7938926261462366 0.029678097093529324
0.7913452398342881 0.02998991636332462
0.7887863517111338 0.030302369065723176
0.7862160627972955 0.030615418740692388
0.7836344745633783 0.030929028472310067
0.7810416889260653 0.031243160928435824
0.778437808244094 0.03155777840045505
0.7758229353142152 0.031872842842964585
0.7731971733671346 0.03218831591327053
0.7705606260634379 0.03250415901057133
0.7679133974894983 0.032820333314701536
0.765255592153367 0.03313679982431436
0.7625873149806479 0.033453519394384505
0.7599086713103547 0.03377045277291664
0.7572197668907532 0.03408756063674815
0.7545207078751857 0.03440480362634025
0.7518116008178805 0.03472214237945457
0.7490925526697454 0.03503953756361873
0.7463636707741458 0.03535694990728871
0.7436250628626662 0.035674340229621584
0.7408768370508576 0.03599166946877789
0.7381191018339696 0.03630889870867859
0.7353519660826664 0.03662598920414832
0.7325755390387292 0.036942902404382215
0.729789930310744 0.037259599974680424
0.7269952498697734 0.03757604381640167
0.7241916080450163 0.03789219608509254
0.7213791155194509 0.03820801920675783
0.7185578833254664 0.038523475892242746
0.7157280228404795 0.038838529149705654
0.7128896457825363 0.03915314229516697
0.7100428642059032 0.0394672789611265
0.7071877904966422 0.03978090310324917
0.7043245373681746 0.040093979005125575
0.7014532178568313 0.04040647128112117
0.6985739453173903 0.04071834487733459
0.6956868334186013 0.041029565070692574
0.6927919961386984 0.041340097466215565
0.6898895477609006 0.04164990799249438
0.6869796028689001 0.04195896289542533
0.6840622763423391 0.042267228730256796
0.6811376833522729 0.04257467235200666
0.6782059393566253 0.04288126090431533
0.6752671600956295 0.043186961806805264
0.6723214615872585 0.0434917427410229
0.6693689601226458 0.04379557163504348
0.6664097722614933 0.04409841664682506
0.6634440148274712 0.044400246146401104
0.6604718049036047 0.04470102869700646
0.6574932598276524 0.045000733035234476
0.6545084971874737 0.04529932805032661
0.651517634816387 0.04559678276269925
0.6485207907885174 0.045893066301814965
0.6455180834141359 0.046188147883507925
0.642509631234988 0.046481996786874855
0.6394955530196147 0.04677458233084523
0.6364759677586627 0.04706587385054467
0.6334509946601878 0.04735584067356717
0.6304207531449485 0.04764445209627175
0.6273853628416911 0.047931677360219194
0.6243449435824275 0.04821748562886429
0.6212996153977037 0.0485018459646184
0.6182494985118624 0.04878472730639529
0.6151947133382953 0.04906609844775262
0.6121353804746905 0.049345928015738914
0.6090716206982714 0.04962418445055329
0.6060035549610274 0.04990083598612378
0.6029313043849407 0.050175850631705106
0.5998549902572035 0.05044919615459524
0.5967747340254301 0.05072084006406517
0.5936906572928624 0.050990749596592694
0.5906028818135687 0.05125889170248641
0.5875115294876381 0.05152523303398164
0.5844167223563669 0.05178973993488488
0.5813185825974418 0.0520523784318381
0.5782172325201155 0.05231311422726867
0.5751127945603786 0.05257191269408513
0.572005391276126 0.05282873887217265
0.568895145342319 0.05308355746673623
0.5657821795461413 0.053336332848533174
0.5626666167821521 0.05358702905602965
0.5595485800474349 0.05383560979950962
0.5564281924367408 0.05408203846715793
0.5533055771376301 0.05432627813313158
0.5501808574256075 0.05456829156762732
0.5470541566592573 0.05480804124894567
0.5439255982753717 0.05504548937754515
0.5407953057840789 0.05528059789207276
0.5376634027639664 0.0555133284873504
0.534530012857203 0.05574364263428903
0.5313952597646567 0.05597150160169633
0.5282592672410122 0.05619686647993558
0.5251221590898848 0.056419698206388
0.5219840591589324 0.056639957592662826
0.5188450913349674 0.05685760535349367
0.5157053795390643 0.0570726021372532
0.5125650477216688 0.057284908558011556
0.5094242198577041 0.05749448522905863
0.5062830199416763 0.057701292797803984
0.5031415719827795 0.05790529198196283
0.5 0.0581064436069317
0.4968584280172206 0.05830470864425151
0.49371698005832365 0.05850004825105232
0.49057578014229597 0.058692423810368224
0.48743495227833133 0.058881796972208696
0.48429462046093585 0.059068129695266675
0.48115490866503274 0.05925138428914293
0.4780159408410676 0.05943152345696098
0.4748778409101153 0.05960851033824587
0.47174073275898776 0.059782308551937356
0.46860474023534326 0.05995288223940571
0.4654699871427971 0.060120196107338375
0.4623365972360337 0.06028421547036309
0.45920469421592125 0.060444906293273926
0.45607440172462843 0.060602235232725704
0.45294584334074284 0.060756169678262875
0.4498191425743925 0.06090667779254966
0.44669442286237004 0.06105372855066924
0.4435718075632592 0.061197291778361695
0.4404514199525651 0.0613373381890719
0.43733338321784787 0.06147383941968121
0.4342178204538588 0.06160676806479985
0.431104854657681 0.06173609770949971
0.42799460872387385 0.061861802960370936
0.42488720543962144 0.061983859474789904
0.4217827674798845 0.062102243988290735
0.41868141740255815 0.06221693433993613
0.415583277643633 0.062327909495590306
0.4124884705123619 0.06243514956900027
0.4093971181864312 0.06253863584059874
0.4063093427071376 0.06263835077394754
0.40322526597456987 0.06273427802974718
0.40014500974279654 0.06282640247734368
0.39706869561505953 0.06291471020367262
0.3939964450389728 0.06299918851958555
0.39092837930172886 0.06307982596351229
0.3878646195253095 0.06315661230242042
0.3848052866617049 0.06322953853003992
0.38175050148813783 0.0632985968623298
0.3787003846022964 0.06336378073017107
0.3756550564175727 0.06342508476927866
0.372614637158309 0.06348250480733293
0.3695792468550516 0.06353603784833983
0.3665490053398124 0.06358568205423697
0.36352403224133745 0.06363143672377106
0.3605044469803854 0.0636733022686808
0.35749036876501195 0.06371128018722694
0.35448191658586414 0.06374537303511986
0.3514792092114827 0.06377558439390323
0.3484823651836131 0.06380191883685958
0.3454915028125263 0.0638243818925121
0.3425067401723477 0.06384298000580464
0.3395281950963953 0.06385772049704866
0.3365559851725288 0.06386861151873419
0.3335902277385068 0.06387566201030793
0.3306310398773543 0.06387888165102912
0.3276785384127415 0.06387828081101976
0.3247328399043705 0.06387387050063287
0.3217940606433747 0.06386566231826692
0.31886231664772713 0.06385366839676163
0.31593772365766104 0.06383790134851494
0.31302039713109986 0.06381837420946525
0.3101104522390995 0.06379510038208876
0.30720800386130176 0.06376809357756442
0.30431316658139873 0.06373736775726391
0.30142605468260975 0.06370293707372617
0.29854678214316865 0.06366481581127979
0.29567546263182554 0.06362301832647808
0.29281220950335796 0.06357755898851403
0.2899571357940969 0.06352845211978382
0.28711035421746367 0.06347571193676765
0.28427197715952046 0.06341935249139866
0.28144211667453367 0.06335938761308892
0.27862088448054934 0.06329583085158244
0.27580839195498397 0.06322869542080302
0.2730047501302266 0.06315799414386429
0.2702100696892561 0.06308373939940634
0.2674244609612708 0.06300594306942175
0.2646480339173337 0.0629246164887302
0.26188089816603033 0.062839770396258
0.2591231629491423 0.06275141488827468
0.2563749371373337 0.06265955937373442
0.25363632922585433 0.06256421253186566
0.2509074473302546 0.062465382272146784
0.24818839918211966 0.06236307569680005
0.24547929212481434 0.06225729906593025
0.2427802331092468 0.06214805776542778
0.24009132868964522 0.06203535627774927
0.2374126850193521 0.061919198155681435
0.23474440784663286 0.061799585999187084
0.2320866025105015 0.06167652143542293
0.2294393739365621 0.06155000510201245
0.22680282663286544 0.06142003663364719
0.2241770646857849 0.061286614652082204
0.2215621917559062 0.06114973675958173
0.21895831107393482 0.06100939953586245
0.2163655254366219 0.06086559853857264
0.2137839372027046 0.06071832830733488
0.21121364828886624 0.06056758237137228
0.20865476016571205 0.06041335326072628
0.20610737385376354 0.06025563252106619
0.20357158991947033 0.060094410732079676
0.20104750847124075 0.05992967752942355
0.19853522915548782 0.059761421630204946
0.19603485115269748 0.05958963086195257
0.19354647317351192 0.059414292195027876
0.1910701934548329 0.059235391778416704
0.18860610975594383 0.059052914978832007
0.18615431935464977 0.05886684642304857
0.18371491904343773 0.05867717004338194
0.18128800512565513 0.05848386912621395
0.1788736734117078 0.05828692636345879
0.176472019215278 0.05808632390685468
0.1740831373495607 0.05788204342495781
0.1717071221235218 0.05767406616270709
0.1693440673381741 0.05746237300342034
0.16699406628287417 0.05724694453307548
0.16465721173164005 0.05702776110672248
0.16233359593948782 0.056804802916865786
0.16002331063879038 0.056578050063650034
0.15772644703565564 0.05634748262667654
0.15544309580632587 0.05611308073827188
0.15317334709359764 0.05587482465802535
0.15091729050326375 0.055632694848407827
0.14867501510057546 0.05538667205127918
0.14644660940672627 0.05513673736508966
0.14423216139535733 0.054882872322576104
0.14203175848908445 0.05462505896875213
0.13984548755604653 0.054363279938988866
0.13767343490647665 0.05409751853698228
0.13551568628929433 0.0538277588124009
0.13337232688872014 0.05355398563800844
0.13124344132091315 0.05327618478605574
0.1291291136306305 0.05299434300373684
0.1270294272879089 0.05270844808750553
0.1249444651847702 0.05241848895605086
0.12287430963194801 0.0521244557217317
0.120819042355639 0.05182633976027444
0.11877874449427606 0.051524133778540405
0.11675349659532519 0.05121783188017401
0.11474337861210548 0.05090742962894752
0.11274846990063314 0.050592924109622864
0.11076884921648833 0.05027431398615638
0.108804594711706 0.049951599557079014
0.1068557839316906 0.04962478280789071
0.1049224938121548 0.04929386746031446
0.10300480067608231 0.048958859018262996
0.1011027802307145 0.048619764810379704
0.09921650756456168 0.04827659402902204
0.09734605714443911 0.04792935776556612
0.09549150281252627 0.04757806904191845
0.09365291778345308 0.04722274283813166
0.09183037464140797 0.046863396116029354
0.09002394533727376 0.04650004783875639
0.08823370118578633 0.046132718986179586
0.08645971286271903 0.045761432566075955
0.08470205040209366 0.045386213621055146
0.08296078319341449 0.04500708923117327
0.08123597997892917 0.044624088512207644
0.07952770885091542 0.04423724260957172
0.07783603724899257 0.043846584687861255
0.07616103195745849 0.043452149916033744
0.07450275910265414 0.04305397544823534
0.07286128415035242 0.04265210040029905
0.07123667190317395 0.04224656582195104
0.06962898649802818 0.04183741466477174
0.06803829140358242 0.04142469174597085
0.06646464941775498 0.04100844370804455
0.06490812266523716 0.04058871897439661
0.06336877259504003 0.04016556770101275
0.061846659978068264 0.039739041724290824
0.06034184490472194 0.03930919450513827
0.058854386782523416 0.038876081069457835
0.057384344333772486 0.038439757945153766
0.05593177559322782 0.038000283095798615
0.054496737905816106 0.03755771585111078
0.05307928792436811 0.03711211683440097
0.051679481607382005 0.03666354788715443
0.05029737421681446 0.036212071990923696
0.048933020315898634 0.035757753186713474
0.04758647376699032 0.035300656492047215
0.04625778772944156 0.034840847815910646
0.04494701465750217 0.034378393871773834
0.043654206298248566 0.03391336208889855
0.042379413689541234 0.03344582052214375
0.041122687158009485 0.032975837760484565
0.03988407631706481 0.032503482834466045
0.038663630064942556 0.03202882512281495
0.037461396582771034 0.03155193425843567
0.03627742333266937 0.031072880034019194
0.035111757055874326 0.030591732307495425
0.03396444377089458 0.0301085609075591
0.032835528771693934 0.029623435539501405
0.03172505662590386 0.029136425691578517
0.03063307117306291 0.028647600542146386
0.029559615522887217 0.028157028867792297
0.02850473205356774 0.02766477895268825
0.027468462410097594 0.027170918499391634
0.02645084750262794 0.02667551454131361
0.02545192750485281 0.026178633357072108
0.02447174185242318 0.0256803403869427
0.023510329241390626 0.025180700151614964
0.02256772762667847 0.024679776173455653
0.021643974220584727 0.02417763090047692
0.02073910549131197 0.023674325633196804
0.019853157161528467 0.023169920454576845
0.01898616420695709 0.022664474163209783
0.01813816085499509 0.022158044209926137
0.01730918058336306 0.021650686637977097
0.016499256118782446 0.021142456026943125
0.015708419435684462 0.020633405440509876
0.014936701754947102 0.020123586378240424
0.014184133542663013 0.01961304873146578
0.013450744508936685 0.019101840743402952
0.012736563606711382 0.018590008973600386
0.012041619030626283 0.01807759826679963
0.01136593821590326 0.017564651726290105
0.010709547837263966 0.01705121069182357
0.01007247380787657 0.016537314722142055
0.009454741278333012 0.01602300158216251
0.008856374635655695 0.01550830723484824
0.008277397502335138 0.014993265837786818
0.007717832735397279 0.014477909744480521
0.007177702425500976 0.013962269510344048
0.006657027896066037 0.013446373903392652
0.006155829702431115 0.012930249919590617
0.005674127631043024 0.012413922802820191
0.005211940698674589 0.011897416069414829
0.004769287151674462 0.011380751537195284
0.004346184465246816 0.01086394935892977
0.0039426493427611176 0.010347028060130445
0.0035586977150932064 0.009830004581088488
0.0031943447399958025 0.009312894323035377
0.002849604801500538 0.008795711198312349
0.0025244915093498577 0.008278467684414741
0.002219017698460002 0.00776117488177191
0.0019331954284137476 0.007243842575109816
0.0016670359829851211 0.006726479298240055
0.0014205498696930885 0.006209092402101219
0.0011937468193874423 0.005691688125881172
0.0009866357858642205 0.005174271671029954
0.0007992249455124334 0.0046568472779740895
0.0006315216969912107 0.0041394183053307465
0.0004835326609375912 0.003621987311415815
0.00035526367970539763 0.0031045561378352975
0.0002467198171342 0.0025871259949389307
0.00015790535835003006 0.0020696975489203524
8.882380959551739e-05 0.0015522710103268607
3.947789809188862e-05 0.0010348462237593232
9.869571931497845e-06 0.0005174227585274018
0.0 -0.0
9.869571931497845e-06 -0.0005174227585094872
3.947789809188862e-05 -0.0010348462236163352
8.882380959551739e-05 -0.0015522710098461244
0.00015790535835003006 -0.002069697547786952
0.00024671981713408897 -0.002587125992740028
0.00035526367970550865 -0.003104556134069436
0.0004835326609375912 -0.003621987305495559
0.0006315216969912107 -0.004139418296597514
0.0007992249455124334 -0.004656847265706724
0.0009866357858641095 -0.005174271654457452
0.0011937468193874423 -0.005691688104197775
0.0014205498696930885 -0.006209092374479898
0.0016670359829851211 -0.006726479263850178
0.0019331954284136366 -0.007243842533134335
0.002219017698460002 -0.007761174831426972
0.0025244915093498577 -0.00827846762496824
0.002849604801500538 -0.008795711129105483
0.0031943447399958025 -0.009312894243503995
0.0035586977150932064 -0.009830004490785367
0.0039426493427610065 -0.010347027958748067
0.004346184465246594 -0.010863949246324063
0.004769287151674462 -0.011380751413409688
0.005211940698674589 -0.011897415934703367
0.005674127631043024 -0.012413922657672737
0.006155829702431115 -0.01293024976475702
0.006657027896066037 -0.013446373739907036
0.007177702425500865 -0.01396226933954887
0.007717832735397279 -0.014477909568050824
0.008277397502335138 -0.014993265657753014
0.008856374635655584 -0.015508307053619332
0.009454741278333012 -0.01602300140254857
0.01007247380787657 -0.016537314547375045
0.010709547837263855 -0.01705121052557819
0.01136593821590326 -0.017564651572703496
0.012041619030626283 -0.018077598130489248
0.012736563606711382 -0.0185900088596814
0.013450744508936685 -0.01910184065750395
0.014184133542663124 -0.019613048679743065
0.014936701754947102 -0.02012358636739045
0.015708419435684462 -0.020633405477780718
0.016499256118782446 -0.02114245612014348
0.01730918058336295 -0.021650686795483723
0.01813816085499509 -0.022158044440689605
0.01898616420695709 -0.022664474476757634
0.01985315716152858 -0.023169920861015308
0.02073910549131197 -0.023674326143209797
0.021643974220584727 -0.02417763152532354
0.02256772762667847 -0.02467977692496477
0.023510329241390515 -0.025180701042177824
0.02447174185242318 -0.02568034142950339
0.02545192750485281 -0.026178634565115183
0.026450847502627717 -0.02667551592884972
0.027468462410097594 -0.027170920080941074
0.02850473205356785 -0.027664780743261144
0.029559615522887217 -0.028157030882867324
0.03063307117306291 -0.028647602797646936
0.03172505662590375 -0.029136428203846237
0.032835528771693934 -0.0296234383252678
0.03396444377089458 -0.030108563983914417
0.035111757055874326 -0.030591735691855765
0.03627742333266948 -0.031072883744091267
0.037461396582771034 -0.031551938312179235
0.038663630064942556 -0.032028829538403726
0.0398840763170647 -0.032503487630246145
0.04112268715800926 -0.03297584295493144
0.04237941368954101 -0.03344582613381717
0.043654206298248344 -0.03391336813639593
0.04494701465750195 -0.034378400373682075
0.046257787729441446 -0.03484085479075651
0.04758647376699021 -0.03530066395824624
0.048933020315898634 -0.03575776116251801
0.05029737421681446 -0.036212080494369546
0.051679481607382005 -0.03666355693600683
0.053079287924368 -0.03711212644609961
0.054496737905815884 -0.03755772604271444
0.055931775593227595 -0.038000293883929157
0.057384344333772264 -0.038439769345939755
0.058854386782523305 -0.038876093098478275
0.06034184490472172 -0.03930920717736603
0.061846659978068264 -0.03973905505403672
0.06336877259503981 -0.04016558170186937
0.06490812266523704 -0.04058873365918339
0.06646464941775498 -0.041008459088752995
0.0680382914035822 -0.04142470783371066
0.06962898649802796 -0.04183743146971858
0.07123667190317384 -0.04224658335329481
0.0728612841503522 -0.04265211866619381
0.07450275910265391 -0.04305399445575114
0.07616103195745838 -0.04345216967110974
0.07783603724899235 -0.04384660519526079
0.07952770885091542 -0.04423726387283988
0.08123597997892906 -0.044624110533630384
0.08296078319341427 -0.04500711201173953
0.08470205040209366 -0.04538623716042123
0.08645971286271892 -0.045761456862532406
0.0882337011857861 -0.046132744036621244
0.09002394533727376 -0.04650007363865527
0.09183037464140797 -0.04686342265941032
0.09365291778345286 -0.04722277011755163
0.09549150281252627 -0.047578097048449015
0.09734605714443889 -0.04792938648877897
0.09921650756456168 -0.04827662345697863
0.10110278023071428 -0.04861979492962381
0.1030048006760822 -0.04895888981381777
0.10492249381215468 -0.049293898915682303
0.1068557839316906 -0.04962481490505771
0.10880459471170578 -0.04995163227652268
0.11076884921648822 -0.0502743473068578
0.11274846990063292 -0.050592958009082235
0.11474337861210548 -0.05090746408320409
0.11675349659532497 -0.051217866863829495
0.11877874449427583 -0.05152416926478697
0.120819042355639 -0.05182637572092601
0.12287430963194801 -0.052124492127259406
0.1249444651847702 -0.052418525775622525
0.1270294272879089 -0.05270848528902879
0.1291291136306303 -0.052994380553906054
0.13124344132091315 -0.05327622265040271
0.13337232688871992 -0.053554023780956514
0.1355156862892941 -0.05382779719732297
0.13767343490647654 -0.05409755712626191
0.13984548755604642 -0.054363318694084825
0.14203175848908423 -0.05462509785026619
0.14423216139535722 -0.054882911290323966
0.14644660940672605 -0.055136776378174525
0.14867501510057535 -0.05538671106816851
0.15091729050326363 -0.055632733827012344
0.15317334709359764 -0.055874863555780786
0.15544309580632576 -0.05611311951222272
0.15772644703565541 -0.05634752123356226
0.16002331063879027 -0.056578088459992855
0.16233359593948782 -0.05680484105906029
0.16465721173163983 -0.05702779895112682
0.16699406628287417 -0.05724698203610375
0.1693440673381741 -0.05746241012163604
0.1717071221235218 -0.057674102852917485
0.1740831373495606 -0.05788207964430894
0.17647201921527778 -0.058086359612926665
0.17887367341170757 -0.05828696151436143
0.18128800512565535 -0.05848390368068226
0.18371491904343773 -0.05867720396087106
0.18615431935465 -0.05886687966382869
0.18860610975594372 -0.05905294750408197
0.19107019345483267 -0.05923542355031691
0.1935464731735117 -0.05941432317685192
0.19603485115269725 -0.0595896610181571
0.1985352291554876 -0.059761450926518044
0.20104750847124042 -0.059929705932931024
0.20357158991947055 -0.06009443821130927
0.20610737385376332 -0.06025565904606909
0.20865476016571205 -0.06041337880315628
0.21121364828886624 -0.06056760690456195
0.2137839372027044 -0.06071835180636848
0.2163655254366219 -0.06086562098035602
0.2189583110739346 -0.061009420899189225
0.22156219175590608 -0.061149757025195865
0.2241770646857848 -0.06128663380273684
0.22680282663286544 -0.0614200546541591
0.2294393739365621 -0.06155002197931255
0.23208660251050173 -0.06167653715860239
0.23474440784663297 -0.06179960055953875
0.2374126850193523 -0.06191921154673679
0.24009132868964533 -0.06203536849531038
0.24278023310924657 -0.06214806880759456
0.24547929212481456 -0.06225730893312257
0.24818839918211943 -0.06236308439177473
0.25090744733025483 -0.062465389800009485
0.2536363292258541 -0.06256421890007746
0.25637493713733406 -0.06265956459211311
0.2591231629491424 -0.06275141896899067
0.26188089816603055 -0.06283977335382482
0.2646480339173338 -0.06292461833998968
0.2674244609612706 -0.06300594383352374
0.2702100696892562 -0.06308373909778307
0.2730047501302266 -0.06315799280019926
0.2758083919549841 -0.06322869306099474
0.2786208844805491 -0.06329582750370262
0.2814421166745338 -0.06335938330733577
0.2842719771595206 -0.06341934726004478
0.287110354217464 -0.06347570581410299
0.2899571357940969 -0.06352844514205365
0.29281220950335785 -0.06357755119385222
0.29567546263182565 -0.06362300975483534
0.29854678214316865 -0.06366480650434782
0.30142605468260975 -0.063702927074857
0.30431316658139873 -0.0637373571113852
0.30720800386130187 -0.06376808233109071
0.31011045223909917 -0.06379508858282867
0.31302039713109964 -0.06381836190652533
0.3159377236576608 -0.06383788859219965
0.31886231664772713 -0.06385365523847039
0.32179406064337446 -0.06386564881038795
0.3247328399043705 -0.06387385669643432
0.3276785384127412 -0.06387826676453831
0.330631039877354 -0.06387886741695617
0.33359022773850655 -0.06387564764387403
0.3365559851725284 -0.06386859707559124
0.3395281950963951 -0.06385770603315104
0.34250674017234717 -0.0638429655772889
0.3454915028125263 -0.06382436755557575
0.34848236518361286 -0.06380190464763907
0.35147920921148246 -0.06377557040835186
0.3544819165858639 -0.06374535930888518
0.3574903687650115 -0.0637112667755287
0.3605044469803853 -0.06367328922618906
0.3635240322413371 -0.0636314241044854
0.36654900533981216 -0.06358566991136634
0.36957924685505117 -0.06353602623418421
0.3726146371583088 -0.06348249377316607
0.37565505641757246 -0.06342507436523319
0.37870038460229627 -0.06336377100512547
0.3817505014881375 -0.06329858786379804
0.3848052866617042 -0.06322953030406354
0.38786461952530926 -0.06315660489346386
0.3909283793017284 -0.0630798194143613
0.3939964450389726 -0.06299918287124905
0.3970686956150591 -0.06291470549528835
0.40014500974279654 -0.06282639874608771
0.40322526597456965 -0.0627342753107477
0.4063093427071376 -0.0626383491002029
0.4093971181864311 -0.06253863524290014
0.4124884705123619 -0.0624351500758592
0.415583277643633 -0.062327911133170905
0.41868141740255793 -0.06221693713199273
0.4217827674798844 -0.06210224795611062
0.4248872054396211 -0.0619838646371416
0.42799460872387396 -0.061861809333457765
0.4311048546576808 -0.0617361053069194
0.4342178204538587 -0.06160677689750958
0.43733338321784765 -0.06147384949596876
0.4404514199525651 -0.06133734951453256
0.4435718075632591 -0.06119730435588128
0.4466944228623697 -0.061053742380413084
0.4498191425743925 -0.060906692871957706
0.4529458433407425 -0.06075618600205098
0.4560744017246283 -0.06060225279289277
0.4592046942159209 -0.06044492507911543
0.4623365972360336 -0.060284235468490446
0.46546998714279697 -0.060120217301704436
0.4686047402353435 -0.05995290461133613
0.47174073275898754 -0.059782332080168
0.47487784091011487 -0.05960853499896586
0.4780159408410676 -0.05943154922386154
0.4811549086650324 -0.05925141113347195
0.48429462046093574 -0.05906815758588842
0.487434952278331 -0.05888182587566916
0.49057578014229586 -0.05869245369096549
0.49371698005832365 -0.05850007907091196
0.4968584280172206 -0.05830474036340691
0.5 -0.05810647618340889
0.5031415719827792 -0.0579053253718699
0.5062830199416763 -0.057701326955424466
0.5094242198577039 -0.05749452010694941
0.5125650477216688 -0.05728494410710384
0.515705379539064 -0.05707263830695775
0.5188450913349674 -0.05685764209180883
0.5219840591589324 -0.05663999484628578
0.5251221590898849 -0.05641973592082872
0.5282592672410122 -0.05619690459963343
0.5313952597646565 -0.05597154007013866
0.5345300128572028 -0.055743681394131855
0.5376634027639662 -0.055513367480540754
0.5407953057840789 -0.055280637059972326
0.5439255982753715 -0.05504552866105506
0.5470541566592573 -0.054808080588631965
0.5501808574256073 -0.054568330903847
0.5533055771376301 -0.05432631740615874
0.5564281924367407 -0.054082077617309904
0.5595485800474347 -0.05383564876727261
0.5626666167821521 -0.053587067782183674
0.5657821795461411 -0.05333637127427611
0.568895145342319 -0.05308359553380633
0.572005391276126 -0.052828776522969835
0.5751127945603787 -0.05257194987179015
0.5782172325201154 -0.0523131508759602
0.5813185825974418 -0.05205241449660749
0.584416722356367 -0.051789775361948225
0.5875115294876379 -0.05152526777078894
0.5906028818135687 -0.05125892569782742
0.5936906572928622 -0.05099078280069959
0.5967747340254301 -0.05072087242871135
0.5998549902572035 -0.05044922763319048
0.6029313043849407 -0.05017588117938643
0.6060035549610272 -0.049900865559842175
0.6090716206982714 -0.049624213009155885
0.6121353804746905 -0.0493459555200466
0.6151947133382956 -0.04906612486063277
0.6182494985118623 -0.04878475259282953
0.6212996153977035 -0.0485018700917653
0.6243449435824275 -0.04821750856611668
0.627385362841691 -0.047931699079256415
0.6304207531449486 -0.04764447257110617
0.6334509946601878 -0.04735585988058528
0.6364759677586629 -0.04706589176854247
0.6394955530196147 -0.04677459894105819
0.6425096312349883 -0.046482012073001774
0.6455180834141361 -0.04618816183172936
0.6485207907885173 -0.04589307890080579
0.6515176348163871 -0.04559679400363527
0.6545084971874737 -0.04529933792688583
0.6574932598276526 -0.04500074154359217
0.6604718049036047 -0.04470103583582493
0.6634440148274714 -0.04440025191681353
0.6664097722614932 -0.044098421052414065
0.669368960122646 -0.04379557468181384
0.6723214615872586 -0.04349174443736932
0.6752671600956295 -0.04318696216347452
0.6782059393566255 -0.04288125993436339
0.6811376833522726 -0.04257467007075094
0.6840622763423392 -0.0422672251552231
0.6869796028689001 -0.041958958046290684
0.6898895477609008 -0.04164990189102481
0.6927919961386979 -0.041340090136199936
0.695686833418601 -0.04102955653787166
0.69857394531739 -0.04071833516932689
0.7014532178568311 -0.04040646042734449
0.7043245373681741 -0.04009396703671523
0.7071877904966419 -0.039780890052972674
0.7100428642059029 -0.03946726486329552
0.712889645782536 -0.0391531271855461
0.7157280228404792 -0.03883851306541873
0.718557883325466 -0.038523458871676804
0.7213791155194507 -0.03820800128946484
0.7241916080450159 -0.037892177311689576
0.7269952498697734 -0.037576024228469146
0.7297899303107436 -0.03725957961465939
0.7325755390387292 -0.03694288131547009
0.735351966082666 -0.03662596743019459
0.7381191018339692 -0.03630887629407911
0.7408768370508574 -0.0359916464583697
0.7436250628626659 -0.035674316668577344
0.7463636707741457 -0.035356925841011466
0.7490925526697452 -0.03503951303763739
0.7518116008178803 -0.034722117439319924
0.7545207078751854 -0.03440477831752234
0.7572197668907532 -0.03408753500453471
0.7599086713103547 -0.033770426862313296
0.7625873149806475 -0.03345349325001671
0.7652555921533668 -0.03313677349033109
0.767913397489498 -0.03282030683468183
0.7705606260634379 -0.03250413242743278
0.7731971733671343 -0.03218828926918082
0.7758229353142152 -0.031872816179255595
0.7784378082440937 -0.031557751757540435
0.7810416889260652 -0.031243134345731463
0.7836344745633781 -0.030929001988158386
0.7862160627972954 -0.03061539239228995
0.7887863517111335 -0.03030234288905228
0.7913452398342877 -0.029989890393088636
0.7938926261462365 -0.029678071363092175
0.7964284100805294 -0.029366921762343467
0.7989524915287594 -0.02905647701958577
0.8014647708445122 -0.028746771990372563
0.8039651488473027 -0.028437840919019814
0.8064535268264881 -0.028129717401297438
0.8089298065451671 -0.027822434347991355
0.8113938902440561 -0.027516023949468706
0.81384568064535 -0.027210517641374568
0.816285080956562 -0.02690594607158896
0.8187119948743447 -0.026602339068568535
0.8211263265882922 -0.026299725611195476
0.823527980784722 -0.025998133800252843
0.8259168626504394 -0.025697590831640978
0.828292877876478 -0.0253981229714473
0.8306559326618259 -0.02509975553297499
0.8330059337171258 -0.024802512855834027
0.8353427882683597 -0.024506418287190027
0.8376664040605122 -0.02421149416526305
0.8399766893612095 -0.023917761805162207
0.8422735529643444 -0.023625241487134248
0.844556904193674 -0.02333395244730054
0.8468266529064026 -0.023043912870947515
0.8490827094967361 -0.02275513988843125
0.8513249848994247 -0.022467649573746525
0.8535533905932737 -0.02218145694580732
0.8557678386046423 -0.02189657597247386
0.8579682415109156 -0.02161301957735684
0.8601545124439531 -0.021330799649420366
0.8623265650935235 -0.02104992705539559
0.8644843137107057 -0.020770411655012692
0.8666276731112801 -0.02049226231904541
0.8687565586790869 -0.02021548695015955
0.8708708863693697 -0.019940092506543605
0.8729705727120911 -0.019666085028295248
0.8750555348152296 -0.019393469666526036
0.877125690368052 -0.01912225071514058
0.8791809576443608 -0.01885243164523743
0.8812212555057239 -0.018584015142069584
0.8832465034046748 -0.018317003144497343
0.8852566213878947 -0.01805139688685483
0.8872515300993669 -0.017787196943147135
0.8892311507835118 -0.017524403273484385
0.891195405288294 -0.017263015272654628
0.8931442160683094 -0.017003031820727543
0.8950775061878451 -0.016744451335576522
0.8969951993239176 -0.016487271827198117
0.8988972197692855 -0.01623149095370294
0.9007834924354383 -0.01597710607884527
0.9026539428555611 -0.015724114330953224
0.9045084971874737 -0.015472512663116228
0.9063470822165471 -0.0152222979144809
0.908169625358592 -0.014973466872503073
0.909976054662726 -0.014726016335997773
0.9117662988142137 -0.014479943178827028
0.9135402871372809 -0.014235244414060901
0.9152979495979063 -0.013991917258444125
0.9170392168065855 -0.01374995919699928
0.9187640200210709 -0.013509368047594134
0.9204722911490846 -0.013270142025300542
0.9221639627510076 -0.013032279806369704
0.9238389680425416 -0.012795780591649706
0.9254972408973461 -0.012560644169269362
0.9271387158496476 -0.012326870976414482
0.9287633280968262 -0.012094462160021658
0.9303710135019718 -0.011863419636218045
0.9319617085964176 -0.011633746148335402
0.933535350582245 -0.011405445323330448
0.9350918773347627 -0.011178521726445704
0.9366312274049602 -0.010952980913947969
0.9381533400219317 -0.010728829483786291
0.9396581550952783 -0.010506075124013707
0.9411456132174767 -0.010284726658824125
0.9426156556662275 -0.0100647940920577
0.9440682244067724 -0.00984628864803644
0.9455032620941839 -0.009629222809595913
0.946920712075632 -0.00941361035318492
0.948320518392618 -0.009199466380913844
0.9497026257831855 -0.008986807349436302
0.9510669796841014 -0.008775651095558924
0.9524135262330098 -0.008566016858479858
0.9537422122705586 -0.008357925298565676
0.9550529853424978 -0.008151398512584007
0.9563457937017514 -0.007946460045318151
0.9576205863104588 -0.0077431348974988665
0.9588773128419907 -0.007541449529996838
0.9601159236829351 -0.007341431864229682
0.9613363699350574 -0.007143111278745157
0.962538603417229 -0.00694651860195421
0.9637225766673305 -0.006751686100994038
0.9648882429441255 -0.0065586474667141455
0.9660355562291054 -0.006367437794786116
0.9671644712283058 -0.006178093562949002
0.9682749433740963 -0.005990652604410816
0.9693669288269369 -0.005805154077438683
0.9704403844771126 -0.005621638431176934
0.9714952679464322 -0.005440147367746008
0.9725315375899024 -0.005260723800681231
0.9735491524973721 -0.005083411809782504
0.9745480724951472 -0.004908256592454376
0.9755282581475768 -0.004735304411625752
0.9764896707586093 -0.004564602540347268
0.9774322723733215 -0.004396199203173028
0.9783560257794153 -0.004230143514443536
0.9792608945086878 -0.004066485413592473
0.9801468428384714 -0.003905275597610731
0.9810138357930429 -0.00374656545080745
0.9818618391450049 -0.0035904069720152434
0.9826908194166368 -0.0034368526993946795
0.9835007438812176 -0.0032859556329989806
0.9842915805643155 -0.003137769155267498
0.9850632982450529 -0.0029923469496204174
0.9858158664573369 -0.0028497429173351112
0.9865492554910631 -0.002710011092887605
0.9872634363932886 -0.002573205557948402
0.9879583809693737 -0.002439380354225938
0.9886340617840967 -0.0023085893953534984
0.9892904521627359 -0.00218088637802068
0.9899275261921234 -0.0020563246925509038
0.990545258721667 -0.001934957333130586
0.9911436253643444 -0.001816836807895254
0.9917226024976649 -0.0017020150490812875
0.9922821672646027 -0.0015905433234501276
0.9928222975744989 -0.0014824721431941053
0.993342972103934 -0.0013778511775306256
0.9938441702975689 -0.0012767291651921032
0.994325872368957 -0.001179153828016108
0.9947880593013254 -0.0010851717858389417
0.9952307128483255 -0.0009948284728932943
0.9956538155347534 -0.0009081680559069783
0.9960573506572388 -0.0008252333540968189
0.9964413022849068 -0.0007460657612464175
0.9968056552600042 -0.0006707051700544722
0.9971503951984995 -0.0005991898989316057
0.9974755084906501 -0.0005315566214214757
0.99778098230154 -0.0004678402984139846
0.9980668045715864 -0.00040807411331242327
0.9983329640170149 -0.0003522894103102189
0.9985794501303069 -0.0003005156359239833
0.9988062531806126 -0.000252780283924513
0.9990133642141359 -0.00020910884379649836
0.9992007750544876 -0.00016952475285176953
0.9993684783030088 -0.00013404935211035665
0.9995164673390624 -0.00010270184605640326
0.9996447363202945 -7.549926636512007e-05
0.9997532801828659 -5.245643968825609e-05
0.99984209464165 -3.3585959576585506e-05
0.9999111761904045 -1.8898162605330328e-05
0.9999605221019081 -8.40110876228365e-06
0.9999901304280685 -2.1005661443620895e-06
1 0
