1 0
0.9999901304280685 1.2552616095114506e-06
0.9999605221019081 5.018458510936667e-06
0.9999111761904045 1.1281835286948416e-05
0.99984209464165 2.003249409660627e-05
0.9997532801828658 3.125243637100398e-05
0.9996447363202946 4.49186210141788e-05
0.9995164673390624 6.1003038937127724e-05
0.9993684783030088 7.947280370464042e-05
0.9992007750544876 0.0001002902580262515
0.9990133642141358 0.00012341309577652514
0.9988062531806126 0.0001487944991832422
0.9985794501303069 0.000176383290777463
0.9983329640170149 0.00020612409965557136
0.9980668045715863 0.00023795754156086176
0.99778098230154 0.00027182041225145176
0.9974755084906501 0.00030764589358142776
0.9971503951984995 0.0003453637716849597
0.9968056552600042 0.0003849006666163004
0.9964413022849068 0.00042618027276526937
0.996057350657239 0.0004691236093350038
0.9956538155347533 0.0005136492801391877
0.9952307128483255 0.0005596737419475759
0.9947880593013254 0.0006071115805835204
0.994325872368957 0.0006558757939534388
0.9938441702975689 0.0007058780811673332
0.993342972103934 0.0007570291368910679
0.992822297574499 0.0008092389500549454
0.9922821672646027 0.0008624171060300147
0.9917226024976649 0.0009164730913721066
0.9911436253643444 0.0009713166002260034
0.990545258721667 0.0010268578414761925
0.9899275261921234 0.001083007845727675
0.989290452162736 0.0011396787712005204
0.9886340617840967 0.0011967842076235657
0.9879583809693737 0.0012542394772184567
0.9872634363932886 0.00131196193187248
0.9865492554910633 0.0013698712456092577
0.985815866457337 0.0014278897014792305
0.9850632982450529 0.0014859424720074347
0.9842915805643155 0.0015439578923541197
0.9835007438812176 0.001601867725364268
0.9826908194166369 0.0016596074177049527
0.9818618391450049 0.0017171163463147537
0.9810138357930429 0.001774338054417036
0.9801468428384715 0.0018312204763784015
0.9792608945086879 0.0018877161507257411
0.9783560257794153 0.0019437824206687067
0.9774322723733215 0.0019993816215105775
0.9764896707586095 0.002054481254367646
0.9755282581475768 0.002109054145656741
0.9745480724951473 0.0021630785918509993
0.9735491524973722 0.0022165384890466986
0.9725315375899024 0.0022694234469270193
0.9714952679464323 0.0023217288867538235
0.9704403844771128 0.002373456123064344
0.9693669288269371 0.0024246124287963184
0.9682749433740961 0.00247521108361303
0.9671644712283061 0.002525271405247802
0.9660355562291054 0.002574818763736768
0.9648882429441257 0.0026238845784571307
0.9637225766673307 0.0026725062979389234
0.962538603417229 0.002720727362466535
0.9613363699350574 0.002768597149536764
0.9601159236829352 0.0028161709022893463
0.9588773128419905 0.002863509641074564
0.9576205863104588 0.002910680058371556
0.9563457937017514 0.0029577543973190374
0.9550529853424978 0.0030048103141666277
0.9537422122705584 0.0030519307250022566
0.9524135262330098 0.0030992036371557475
0.9510669796841014 0.0031467219657232252
0.9497026257831855 0.0031945833356995194
0.948320518392618 0.003242889870247673
0.9469207120756319 0.0032917479656741216
0.9455032620941839 0.003341268053716707
0.9440682244067723 0.003391564351789225
0.9426156556662276 0.0034427546018606053
0.9411456132174767 0.003494959798680008
0.9396581550952781 0.003548303908089219
0.9381533400219317 0.003602913576192711
0.9366312274049601 0.0036589178301819477
0.9350918773347628 0.003716447771633955
0.933535350582245 0.0037756362631267085
0.9319617085964176 0.0038366176090321212
0.9303710135019718 0.0038995272313648165
0.9287633280968262 0.003964501341578492
0.9271387158496476 0.004031676609213476
0.925497240897346 0.00410118982830796
0.9238389680425416 0.00417317758249168
0.9221639627510075 0.0042477759096844125
0.9204722911490846 0.00432511996732256
0.9187640200210709 0.00440534369903565
0.9170392168065856 0.004488579503689743
0.9152979495979063 0.004574957907708159
0.9135402871372809 0.004664607241569942
0.9117662988142137 0.004757653321374433
0.9099760546627261 0.004854219136345275
0.908169625358592 0.004954424543130012
0.9063470822165469 0.005058385967731434
0.9045084971874737 0.0051662161158846035
0.9026539428555609 0.0052780236926692255
0.9007834924354383 0.0053939131321192844
0.8988972197692855 0.005513984337564086
0.8969951993239177 0.0056383324334021824
0.8950775061878452 0.0057670475289778355
0.8931442160683094 0.005900214495193455
0.891195405288294 0.0060379127544551055
0.8892311507835118 0.006180216084509361
0.8872515300993669 0.006327192436689388
0.8852566213878946 0.006478903769046453
0.8832465034046749 0.006635405894800149
0.8812212555057239 0.0067967483464959535
0.879180957644361 0.006962974256213393
0.8771256903680519 0.007134120252122005
0.8750555348152298 0.007310216371634336
0.8729705727120911 0.0074912859913581955
0.8708708863693696 0.0076773457740009
0.868756558679087 0.007868405632330152
0.8666276731112801 0.008064468710246613
0.8644843137107058 0.008265531380973912
0.8623265650935233 0.008471583262322703
0.8601545124439535 0.008682607248936245
0.8579682415109156 0.008898579561376121
0.8557678386046428 0.00911946981185816
0.8535533905932737 0.009345241086401524
0.8513249848994247 0.009575850043105731
0.8490827094967364 0.009811247026225796
0.8468266529064025 0.010051376195668775
0.8445569041936742 0.010296175671492457
0.8422735529643444 0.010545577692943425
0.8399766893612096 0.010799508791530393
0.8376664040605122 0.011057889977589223
0.83534278826836 0.011320636939757524
0.8330059337171258 0.011587660256740406
0.8306559326618259 0.011858865620714365
0.8282928778764782 0.012134154071683374
0.8259168626504394 0.012413422242071207
0.8235279807847222 0.012696562610804837
0.8211263265882922 0.012983463766118065
0.8187119948743449 0.013274010676280269
0.8162850809565623 0.013568084967433811
0.8138456806453502 0.013865565207704232
0.8113938902440563 0.014166327196730845
0.8089298065451672 0.014470244259751366
0.8064535268264883 0.014777187545362355
0.8039651488473027 0.015087026326068426
0.8014647708445124 0.015399628300727154
0.7989524915287595 0.015714859897992504
0.7964284100805297 0.016032586579859006
0.7938926261462366 0.016352673144410433
0.7913452398342881 0.016674984026881088
0.7887863517111338 0.016999383598145002
0.7862160627972955 0.01732573645975758
0.7836344745633783 0.01765390773468716
0.7810416889260653 0.017983763352887844
0.778437808244094 0.018315170330883188
0.7758229353142152 0.018647997044549662
0.7731971733671346 0.01898211349431089
0.7705606260634379 0.019317391561978668
0.7679133974894983 0.019653705258503067
0.765255592153367 0.019990930961923746
0.7625873149806479 0.02032894764484445
0.7599086713103547 0.020667637090787318
0.7572197668907532 0.021006884098817243
0.7545207078751857 0.021346576675864853
0.7518116008178805 0.021686606216213607
0.7490925526697454 0.022026867667658198
0.7463636707741458 0.022367259683882076
0.7436250628626662 0.02270768476264528
0.7408768370508576 0.023048049369417865
0.7381191018339696 0.023388264046139383
0.7353519660826664 0.02372824350483136
0.7325755390387292 0.02406790670583646
0.729789930310744 0.024407176920505615
0.7269952498697734 0.024745981778203405
0.7241916080450163 0.025084253297549326
0.7213791155194509 0.02542192790186277
0.7185578833254664 0.0257589464188273
0.7157280228404795 0.026095254064439667
0.7128896457825363 0.026430800411357078
0.7100428642059032 0.026765539341804943
0.7071877904966422 0.027099428985254803
0.7043245373681746 0.027432431641129962
0.7014532178568313 0.027764513686842105
0.6985739453173903 0.028095645471508335
0.6956868334186013 0.028425801195742152
0.6927919961386984 0.028754958777955558
0.6898895477609006 0.02908309970765072
0.6869796028689001 0.029410208886221385
0.6840622763423391 0.02973627445582208
0.6811376833522729 0.030061287616901015
0.6782059393566253 0.030385242435027868
0.6752671600956295 0.030708135637681384
0.6723214615872585 0.031029966401693494
0.6693689601226458 0.031350736132075244
0.6664097722614933 0.03167044823297851
0.6634440148274712 0.031989107871571144
0.6604718049036047 0.03230672173562664
0.6574932598276524 0.032623297785649596
0.6545084971874737 0.03293884500237534
0.651517634816387 0.03325337313049816
0.6485207907885174 0.033566892419494565
0.6455180834141359 0.03387941336241803
0.642509631234988 0.03419094643354919
0.6394955530196147 0.03450150182578985
0.6364759677586627 0.03481108918869119
0.6334509946601878 0.03511971736800535
0.6304207531449485 0.03542739414764673
0.6273853628416911 0.03573412599494201
0.6243449435824275 0.036039917810040144
0.6212996153977037 0.03634477268034091
0.6182494985118624 0.03664869164078662
0.6151947133382953 0.0369516734408449
0.6121353804746905 0.03725371431899098
0.6090716206982714 0.03755480778547518
0.6060035549610274 0.037854944414138315
0.6029313043849407 0.038154111644009225
0.5998549902572035 0.038452293591390914
0.5967747340254301 0.038749470873109995
0.5936906572928624 0.03904562044157032
0.5906028818135687 0.0393407154322169
0.5875115294876381 0.039634725023978155
0.5844167223563669 0.03992761431321608
0.5813185825974418 0.04021934420167205
0.5782172325201155 0.040509871298854805
0.5751127945603786 0.04079914783927134
0.572005391276126 0.04108712161485849
0.568895145342319 0.04137373592292414
0.5657821795461413 0.04165892952986163
0.5626666167821521 0.04194263665085044
0.5595485800474349 0.04222478694570883
0.5564281924367408 0.042505305531013095
0.5533055771376301 0.04278411300854795
0.5501808574256075 0.04306112551010247
0.5470541566592573 0.04333625475857442
0.5439255982753717 0.04360940814529515
0.5407953057840789 0.04388048882343715
0.5376634027639664 0.04414939581731453
0.534530012857203 0.044416024147338314
0.5313952597646567 0.04468026497033714
0.5282592672410122 0.04494200573490697
0.5251221590898848 0.045201130351404405
0.5219840591589324 0.0454575193761517
0.5188450913349674 0.04571105020937596
0.5157053795390643 0.045961597306360645
0.5125650477216688 0.046209032401244264
0.5094242198577041 0.04645322474286058
0.5062830199416763 0.04669404134197369
0.5031415719827795 0.04693134722922508
0.5 0.04716500572307216
0.4968584280172206 0.04739487870696579
0.49371698005832365 0.04762082691498092
0.49057578014229597 0.04784271022508611
0.48743495227833133 0.04806038795921064
0.48429462046093585 0.04827371918924209
0.48115490866503274 0.0484825630480671
0.4780159408410676 0.048686779044747094
0.4748778409101153 0.04888622738290394
0.47174073275898776 0.04908076928137764
0.46860474023534326 0.049270267296204796
0.4654699871427971 0.04945458564296044
0.4623365972360337 0.049633590518498194
0.45920469421592125 0.04980715042112148
0.45607440172462843 0.04997513646821921
0.45294584334074284 0.05013742271040167
0.4498191425743925 0.05029388644117822
0.44669442286237004 0.05044440850122754
0.4435718075632592 0.05058887357632261
0.4404514199525651 0.050727170487987056
0.43733338321784787 0.050859192475976644
0.4342178204538588 0.05098483747170049
0.431104854657681 0.05110400836171823
0.42799460872387385 0.05121661324047594
0.42488720543962144 0.05132256565147075
0.4217827674798845 0.051421784816065935
0.41868141740255815 0.05151419584920913
0.415583277643633 0.051599729961344695
0.4124884705123619 0.05167832464584567
0.4093971181864312 0.05174992385133349
0.4063093427071376 0.05181447813829328
0.40322526597456987 0.05187194481943727
0.40014500974279654 0.051922288083315025
0.39706869561505953 0.05196547910071434
0.3939964450389728 0.05200149611344883
0.39092837930172886 0.05203032450517446
0.3878646195253095 0.05205195685393226
0.3848052866617049 0.05206639296616468
0.38175050148813783 0.052073639892008035
0.3787003846022964 0.0520737119217167
0.3756550564175727 0.052066630563130996
0.372614637158309 0.052052424500155105
0.3695792468550516 0.052031129532267704
0.3665490053398124 0.0520027884951445
0.36352403224133745 0.0519674511625265
0.3605044469803854 0.05192517412952619
0.35749036876501195 0.051876020677615806
0.35448191658586414 0.05182006062160122
0.3514792092114827 0.05175737013893555
0.3484823651836131 0.05168803158178286
0.3454915028125263 0.05161213327229407
0.3425067401723477 0.05152976928160808
0.3395281950963953 0.05144103919314351
0.3365559851725288 0.05134604785079215
0.3335902277385068 0.051244905092676055
0.3306310398773543 0.051137725471172735
0.3276785384127415 0.05102462795995883
0.3247328399043705 0.05090573564886268
0.3217940606433747 0.05078117542735723
0.31886231664772713 0.05065107765756099
0.31593772365766104 0.05051557583765032
0.31302039713109986 0.050374806256618845
0.3101104522390995 0.05022890764134903
0.30720800386130176 0.05007802079698949
0.30431316658139873 0.04992228824165477
0.30142605468260975 0.04976185383648683
0.29854678214316865 0.04959686241213582
0.29567546263182554 0.049427459392733616
0.29281220950335796 0.04925379041844628
0.2899571357940969 0.049076000967701164
0.28711035421746367 0.0488942359801903
0.28427197715952046 0.04870863948175645
0.28144211667453367 0.04851935421226687
0.27862088448054934 0.04832652125757664
0.27580839195498397 0.048130279686679
0.2730047501302266 0.04793076619512805
0.2702100696892561 0.047728114755808654
0.2674244609612708 0.047522456278110636
0.2646480339173337 0.04731391827654749
0.26188089816603033 0.04710262454983518
0.2591231629491423 0.04688869487142397
0.2563749371373337 0.046672244692446296
0.25363632922585433 0.046453384858013244
0.2509074473302546 0.04623222133775906
0.24818839918211966 0.046008854971494456
0.24547929212481434 0.04578338123079339
0.2427802331092468 0.04555588999729214
0.24009132868964522 0.045326465358439025
0.2374126850193521 0.045095185421383806
0.23474440784663286 0.044862122145648026
0.2320866025105015 0.04462734119516676
0.2294393739365621 0.04439090181023864
0.22680282663286544 0.04415285669986693
0.2241770646857849 0.04391325195491798
0.2215621917559062 0.04367212698246506
0.21895831107393482 0.04342951446162685
0.2163655254366219 0.04318544032114983
0.2137839372027046 0.04293992373892072
0.21121364828886624 0.04269297716353558
0.20865476016571205 0.04244460635798605
0.20610737385376354 0.04219481046546289
0.20357158991947033 0.04194358209721055
0.20104750847124075 0.041690907442304706
0.19853522915548782 0.04143676639915901
0.19603485115269748 0.04118113272850543
0.19354647317351192 0.04092397422752749
0.1910701934548329 0.0406652529247644
0.18860610975594383 0.040404925295341745
0.18615431935464977 0.040142942496022786
0.18371491904343773 0.03987925061951535
0.18128800512565513 0.03961379096741055
0.1788736734117078 0.03934650034107144
0.176472019215278 0.039077311349736105
0.1740831373495607 0.03880615273504318
0.1717071221235218 0.03853294971113917
0.1693440673381741 0.03825762431947424
0.16699406628287417 0.03798009579734765
0.16465721173164005 0.03770028095921794
0.16233359593948782 0.037418094589750706
0.16002331063879038 0.03713344984753697
0.15772644703565564 0.036846258678377417
0.15544309580632587 0.03655643223699413
0.15317334709359764 0.036263881316000154
0.15091729050326375 0.03596851678092815
0.14867501510057546 0.035670250010095994
0.14644660940672627 0.03536899333806356
0.14423216139535733 0.03506466050141796
0.14203175848908445 0.034757167085609664
0.13984548755604653 0.034446430971548356
0.13767343490647665 0.034132372780662855
0.13551568628929433 0.03381491631712124
0.13337232688872014 0.03349398900590972
0.13124344132091315 0.03316952232546913
0.1291291136306305 0.03284145223359613
0.1270294272879089 0.03250971958532438
0.1249444651847702 0.03217427054151656
0.12287430963194801 0.03183505696691295
0.120819042355639 0.03149203681640526
0.11877874449427606 0.03114517450832671
0.11675349659532519 0.030794441283577917
0.11474337861210548 0.030439815549439128
0.11274846990063314 0.03008128320695324
0.11076884921648833 0.029718837960802005
0.108804594711706 0.02935248161063803
0.1068557839316906 0.028982224322879765
0.1049224938121548 0.028608084882022253
0.10300480067608231 0.028230090920566865
0.1011027802307145 0.02784827912672484
0.09921650756456168 0.02746269542910467
0.09734605714443911 0.027073395157650264
0.09549150281252627 0.026680443180156093
0.09365291778345308 0.026283914013748588
0.09183037464140797 0.025883891910783753
0.09002394533727376 0.02548047091868023
0.08823370118578633 0.02507375491327039
0.08645971286271903 0.02466385760532304
0.08470205040209366 0.02425090251996052
0.08296078319341449 0.023835022948762767
0.08123597997892917 0.023416361874424585
0.07952770885091542 0.022995071867903533
0.07783603724899257 0.022571314958069466
0.07616103195745849 0.02214526247393969
0.07450275910265414 0.021717094859658594
0.07286128415035242 0.02128700146245196
0.07123667190317395 0.020855180293861512
0.06962898649802818 0.020421837764636408
0.06803829140358242 0.01998718839373213
0.06646464941775498 0.019551454491936165
0.06490812266523716 0.019114865820713523
0.06336877259504003 0.018677659226930064
0.061846659978068264 0.018240078254182723
0.06034184490472194 0.01780237273153034
0.058854386782523416 0.01736479834048153
0.057384344333772486 0.016927616161161386
0.05593177559322782 0.01649109219863584
0.054496737905816106 0.016055496890432452
0.05307928792436811 0.01562110459635014
0.051679481607382005 0.015188193071704222
0.05029737421681446 0.014757042925202173
0.048933020315898634 0.014327937062692999
0.04758647376699032 0.013901160118076784
0.04625778772944156 0.013476997872701828
0.04494701465750217 0.013055736664614265
0.043654206298248566 0.01263766278905858
0.042379413689541234 0.012223061891659046
0.041122687158009485 0.011812218355737782
0.03988407631706481 0.01140541468524918
0.038663630064942556 0.011002930884829946
0.037461396582771034 0.010605043838478646
0.03627742333266937 0.01021202668839188
0.035111757055874326 0.009824148215491428
0.03396444377089458 0.009441672223179653
0.032835528771693934 0.009064856925862404
0.03172505662590386 0.008693954343773114
0.03063307117306291 0.008329209705623473
0.029559615522887217 0.00797086086059651
0.02850473205356774 0.007619137701178058
0.027468462410097594 0.007274261598306853
0.02645084750262794 0.00693644485029642
0.02545192750485281 0.006605890146956544
0.02447174185242318 0.006282790050309919
0.023510329241390626 0.005967326493263869
0.02256772762667847 0.005659670297559646
0.021643974220584727 0.005359980712279779
0.02073910549131197 0.00506840497414587
0.019853157161528467 0.004785077890794347
0.01898616420695709 0.004510121448161642
0.01813816085499509 0.004243644443057916
0.01730918058336306 0.00398574214194963
0.016499256118782446 0.0037364959669087885
0.015708419435684462 0.003495973209626883
0.014936701754947102 0.0032642267743211075
0.014184133542663013 0.0030412949502963693
0.013450744508936685 0.002827201214853659
0.012736563606711382 0.0026219540671632846
0.012041619030626283 0.0024255468936495647
0.01136593821590326 0.002237957865354738
0.010709547837263966 0.0020591498676755613
0.01007247380787657 0.0018890704627861077
0.009454741278333012 0.0017276518849829725
0.008856374635655695 0.0015748110691062214
0.008277397502335138 0.0014304497121122722
0.007717832735397279 0.0012944543677923855
0.007177702425500976 0.0011666965745479388
0.006657027896066037 0.0010470330160558435
0.006155829702431115 0.0009353057145751673
0.005674127631043024 0.0008313422565641715
0.005211940698674589 0.0007349560502005366
0.004769287151674462 0.0006459466143169841
0.004346184465246816 0.0005640998981871412
0.0039426493427611176 0.0004891886315194095
0.0035586977150932064 0.0004209727039462272
0.0031943447399958025 0.0003591995732146157
0.002849604801500538 0.00030360470122131784
0.0025244915093498577 0.0002539120169621316
0.002219017698460002 0.00020983440539855663
0.0019331954284137476 0.00017107422118123761
0.0016670359829851211 0.00013732382610673853
0.0014205498696930885 0.00010826614912834518
0.0011937468193874423 8.357526767799241e-05
0.0009866357858642205 6.291700901312532e-05
0.0007992249455124334 4.594957024270721e-05
0.0006315216969912107 3.2324155649976656e-05
0.0004835326609375912 2.1685629872909926e-05
0.00035526367970539763 1.3673185478974698e-05
0.0002467198171342 7.921023425629635e-06
0.00015790535835003006 4.059044858193816e-06
8.882380959551739e-05 1.7135526997542113e-06
3.947789809188862e-05 5.079614124978583e-07
9.869571931497845e-06 6.351334149611769e-08
0 0


1.0 0.0
0.9999901304280685 2.168894181549537e-06
0.9999605221019081 8.673359629635169e-06
0.9999111761904045 1.9506752467492655e-05
0.99984209464165 3.465802425405412e-05
0.9997532801828658 5.4111758938666426e-05
0.9996447363202946 7.784822444543784e-05
0.9995164673390624 0.00010584343873599916
0.9993684783030088 0.00013806925015704544
0.9992007750544876 0.00017449343183624023
0.9990133642141358 0.00021507978984982367
0.9988062531806126 0.0002597882848439041
0.9985794501303069 0.0003085751667524125
0.9983329640170149 0.00036139312221583343
0.9980668045715863 0.0004181914342674463
0.99778098230154 0.00047891615381787664
0.9974755084906501 0.0005435102824333434
0.9971503951984995 0.0006119139658705522
0.9968056552600042 0.0006840646977980737
0.9964413022849068 0.0007598975331051545
0.996057350657239 0.0008393453101692734
0.9956538155347533 0.0009223388814279706
0.9952307128483255 0.001008807351574653
0.9947880593013254 0.00109867832267645
0.994325872368957 0.0011918781454902231
0.9938441702975689 0.0012883321762345446
0.993342972103934 0.0013879650380588064
0.992822297574499 0.0014907008864358652
0.9922821672646027 0.0015964636776929972
0.9917226024976649 0.001705177439884761
0.9911436253643444 0.00181676654520489
0.990545258721667 0.0019311559831281496
0.9899275261921234 0.0020482716334698477
0.989290452162736 0.00216804053855085
0.9886340617840967 0.002290391173655994
0.9879583809693737 0.002415253714979152
0.9872634363932886 0.0025425603042532785
0.9865492554910633 0.0026722453092728592
0.985815866457337 0.002804245579526559
0.9850632982450529 0.002938500696171123
0.9842915805643155 0.003074953215592512
0.9835007438812176 0.0032135489058178353
0.9826908194166369 0.0033542369750608992
0.9818618391450049 0.0034969702917057232
0.9810138357930429 0.003641705595056207
0.9801468428384715 0.0037884036962048196
0.9792608945086879 0.003937029668401535
0.9783560257794153 0.004087553026332089
0.9774322723733215 0.004239947893746505
0.9764896707586095 0.004394193158910291
0.9755282581475768 0.004550272617385287
0.9745480724951473 0.004708175101681842
0.9735491524973722 0.004867894597361119
0.9725315375899024 0.0050294303452037385
0.9714952679464323 0.005192786929100001
0.9704403844771128 0.0053579743493571
0.9693669288269371 0.005525008081159005
0.9682749433740961 0.005693909117956745
0.9671644712283061 0.00586470399960862
0.9660355562291054 0.006037424825133041
0.9648882429441257 0.006212109249978974
0.9637225766673307 0.0063888004677635805
0.962538603417229 0.006567547176468959
0.9613363699350574 0.006748403529134037
0.9601159236829352 0.006931429069121647
0.9588773128419905 0.007116688650082711
0.9576205863104588 0.007304252340783786
0.9563457937017514 0.0074941953150059575
0.9550529853424978 0.0076865977267648305
0.9537422122705584 0.007881544571142958
0.9524135262330098 0.008079125531066166
0.9510669796841014 0.008279434810394611
0.9497026257831855 0.008482570953737653
0.948320518392618 0.008688636653439384
0.9469207120756319 0.008897738544216697
0.9455032620941839 0.009109986985967147
0.9440682244067723 0.009325495835296625
0.9426156556662276 0.009544382206348422
0.9411456132174767 0.009766766221545101
0.9396581550952781 0.009992770752883165
0.9381533400219317 0.010222521154446187
0.9366312274049601 0.010456144986827526
0.9350918773347628 0.01069377173417519
0.933535350582245 0.01093553251459276
0.9319617085964176 0.01118155978464847
0.9303710135019718 0.011431987038760697
0.9287633280968262 0.011686948504242648
0.9271387158496476 0.011946578832800423
0.925497240897346 0.012211012789288909
0.9238389680425416 0.012480384938537214
0.9221639627510075 0.012754829331060067
0.9204722911490846 0.013034479188475251
0.9187640200210709 0.013319466589446962
0.9170392168065856 0.013609922156973639
0.9152979495979063 0.01390597474783446
0.9135402871372809 0.014207751145002735
0.9117662988142137 0.01451537575382525
0.9099760546627261 0.014828970302756329
0.908169625358592 0.015148653549421753
0.9063470822165469 0.015474540992773001
0.9045084971874737 0.01580674459207412
0.9026539428555609 0.01614537249344532
0.9007834924354383 0.0164905287646642
0.8988972197692855 0.016842313138904084
0.8969951993239177 0.017200820768061596
0.8950775061878452 0.017566141986300424
0.8931442160683094 0.017938362084407827
0.891195405288294 0.0183175610955308
0.8892311507835118 0.01870381359282661
0.8872515300993669 0.019097188499528753
0.8852566213878946 0.019497748911894194
0.8832465034046749 0.01990555193546279
0.8812212555057239 0.02032064853502065
0.879180957644361 0.020743083398622405
0.8771256903680519 0.021172894815987327
0.8750555348152298 0.02161011457154381
0.8729705727120911 0.02205476785235676
0.8708708863693696 0.02250687317112995
0.868756558679087 0.022966442304434044
0.8666276731112801 0.023433480246268734
0.8644843137107058 0.023907985177024572
0.8623265650935233 0.02438994844786735
0.8601545124439535 0.024879354580526005
0.8579682415109156 0.025376181282421438
0.8557678386046428 0.025880399477032058
0.8535533905932737 0.026391973349350135
0.8513249848994247 0.026910860406240522
0.8490827094967364 0.02743701155147457
0.8468266529064025 0.027970371175169446
0.8445569041936742 0.02851087725732615
0.8422735529643444 0.029058461485119997
0.8399766893612096 0.029613049383560342
0.8376664040605122 0.0301745604591006
0.83534278826836 0.03074290835574465
0.8330059337171258 0.03131800102316239
0.8306559326618259 0.03189974089629542
0.8282928778764782 0.03248802508590292
0.8259168626504394 0.03308274557947019
0.8235279807847222 0.03368378945187415
0.8211263265882922 0.034291039085175494
0.8187119948743449 0.03490437239688395
0.8162850809565623 0.03552366307602145
0.8138456806453502 0.03614878082628864
0.8113938902440563 0.03677959161562279
0.8089298065451672 0.03741595793142037
0.8064535268264883 0.038057739040683554
0.8039651488473027 0.03870479125433958
0.8014647708445124 0.039356968194973176
0.7989524915287595 0.04001412106720528
0.7964284100805297 0.04067609892994726
0.7938926261462366 0.04134274896975782
0.7913452398342881 0.042013916774529654
0.7887863517111338 0.04268944660673599
0.7862160627972955 0.04336918167547054
0.7836344745633783 0.044052964406523315
0.7810416889260653 0.044740636709741134
0.778437808244094 0.04543204024293564
0.7758229353142152 0.046127016671612994
0.7731971733671346 0.046825407923815746
0.7705606260634379 0.04752705643938454
0.7679133974894983 0.04823180541296715
0.765255592153367 0.048939499030123464
0.7625873149806479 0.049649982695897904
0.7599086713103547 0.05036310325525682
0.7572197668907532 0.05107870920481351
0.7545207078751857 0.05179665089529435
0.7518116008178805 0.05251678072422623
0.7490925526697454 0.053238953318359816
0.7463636707741458 0.053963025705373924
0.7436250628626662 0.054688857474441396
0.7408768370508576 0.055416310925271155
0.7381191018339696 0.056145251205277816
0.7353519660826664 0.056875546434567575
0.7325755390387292 0.057607067818466286
0.729789930310744 0.05833968974735477
0.7269952498697734 0.05907328988361631
0.7241916080450163 0.05980774923553951
0.7213791155194509 0.060542952218061656
0.7185578833254664 0.06127878670027656
0.7157280228404795 0.06201514403967234
0.7128896457825363 0.06275191910310506
0.7100428642059032 0.06348901027455388
0.7071877904966422 0.06422631944974451
0.7043245373681746 0.06496375201776683
0.7014532178568313 0.06570121682985233
0.6985739453173903 0.06643862615551581
0.6956868334186013 0.06717589562630351
0.6927919961386984 0.06791294416742802
0.6898895477609006 0.06864969391760475
0.6869796028689001 0.06938607013744298
0.6840622763423391 0.07012200110677569
0.6811376833522729 0.07085741801134793
0.6782059393566253 0.07159225481931243
0.6752671600956295 0.0723264481480143
0.6723214615872585 0.07305993712157316
0.6693689601226458 0.07379266321979852
0.6664097722614933 0.07452457011900088
0.6634440148274712 0.07525560352528267
0.6604718049036047 0.07598571100091706
0.6574932598276524 0.07671484178444107
0.6545084971874737 0.07744294660510792
0.651517634816387 0.07816997749235981
0.6485207907885174 0.07889588758099628
0.6455180834141359 0.0796206309127243
0.642509631234988 0.08034416223478753
0.6394955530196147 0.08106643679637825
0.6364759677586627 0.0817874101435419
0.6334509946601878 0.08250703791328728
0.6304207531449485 0.08322527562761599
0.6273853628416911 0.08394207848818432
0.6243449435824275 0.08465740117230681
0.6212996153977037 0.08537119763100633
0.6182494985118624 0.08608342088980551
0.6151947133382953 0.0867940228529479
0.6121353804746905 0.08750295411172261
0.6090716206982714 0.08821016375755308
0.6060035549610274 0.08891559920049583
0.6029313043849407 0.08961920599377436
0.5998549902572035 0.09032092766495692
0.5967747340254301 0.09102070555436208
0.5936906572928624 0.09171847866125439
0.5906028818135687 0.09241418349836651
0.5875115294876381 0.09310775395525683
0.5844167223563669 0.0937991211709845
0.5813185825974418 0.094488213416552
0.5782172325201155 0.09517495598753603
0.5751127945603786 0.09585927110729266
0.572005391276126 0.09654107784109121
0.568895145342319 0.09722029202149451
0.5657821795461413 0.0978968261852685
0.5626666167821521 0.09857058952206654
0.5595485800474349 0.09924148783509687
0.5564281924367408 0.0999094235139435
0.5533055771376301 0.10057429551967113
0.5501808574256075 0.1012359993823074
0.5470541566592573 0.10189442721075401
0.5439255982753717 0.10254946771514094
0.5407953057840789 0.10320100624159678
0.5376634027639664 0.10384892481936914
0.534530012857203 0.10449310222018993
0.5313952597646567 0.10513341402974091
0.5282592672410122 0.10576973273103565
0.5251221590898848 0.10640192779949803
0.5219840591589324 0.10702986580947675
0.5188450913349674 0.10765341055190193
0.5157053795390643 0.10827242316275147
0.5125650477216688 0.10888676226196127
0.5094242198577041 0.10949628410238066
0.5062830199416763 0.1101008427283391
0.5031415719827795 0.11070029014336227
0.5 0.1112944764865436
0.4968584280172206 0.11188325021705024
0.49371698005832365 0.11246645830621546
0.49057578014229597 0.11304394643664412
0.48743495227833133 0.113615559207736
0.48429462046093585 0.1141811403470075
0.48115490866503274 0.11474053292657668
0.4780159408410676 0.1152935795841557
0.4748778409101153 0.11584012274788051
0.47174073275898776 0.11638000486429483
0.46860474023534326 0.11691306862879194
0.4654699871427971 0.1174391572178118
0.4623365972360337 0.11795811452208094
0.45920469421592125 0.11846978538017894
0.45607440172462843 0.11897401581171346
0.45294584334074284 0.11947065324938437
0.4498191425743925 0.11995954676921922
0.44669442286237004 0.12044054731826752
0.4435718075632592 0.12091350793904682
0.4404514199525651 0.12137828399004241
0.43733338321784787 0.12183473336157238
0.4342178204538588 0.12228271668634474
0.431104854657681 0.12272209754404624
0.42799460872387385 0.12315274265932012
0.42488720543962144 0.12357452209251073
0.4217827674798845 0.1239873094225724
0.41868141740255815 0.1243909819215629
0.415583277643633 0.12478542072016938
0.4124884705123619 0.12517051096373782
0.4093971181864312 0.1255461419583086
0.4063093427071376 0.1259122073061891
0.40322526597456987 0.1262686050306265
0.40014500974279654 0.1266152376891777
0.39706869561505953 0.1269520124754057
0.3939964450389728 0.12727884130857114
0.39092837930172886 0.1275956409110205
0.3878646195253095 0.12790233287301295
0.3848052866617049 0.12819884370476686
0.38175050148813783 0.12848510487554474
0.3787003846022964 0.12876105283963757
0.3756550564175727 0.12902662904914974
0.372614637158309 0.12928177995352713
0.3695792468550516 0.1295264569858129
0.3665490053398124 0.12976061653565713
0.36352403224133745 0.12998421990914888
0.3605044469803854 0.1301972332755812
0.35749036876501195 0.13039962760130022
0.35448191658586414 0.13059137857083367
0.3514792092114827 0.13077246649553156
0.3484823651836131 0.13094287620999553
0.3454915028125263 0.13110259695661122
0.3425067401723477 0.13125162225853731
0.3395281950963953 0.1313899497815444
0.3365559851725288 0.13151758118513082
0.3335902277385068 0.13163452196338202
0.3306310398773543 0.13174078127607192
0.3276785384127415 0.13183637177053925
0.3247328399043705 0.13192130939490285
0.3217940606433747 0.13199561320321077
0.31886231664772713 0.13205930515314548
0.31593772365766104 0.1321124098969353
0.31302039713109986 0.1321549545661453
0.3101104522390995 0.1321869685510458
0.30720800386130176 0.132208483275275
0.30431316658139873 0.13221953196653366
0.30142605468260975 0.13222014942406304
0.29854678214316865 0.13221037178367478
0.29567546263182554 0.13219023628111112
0.29281220950335796 0.13215978101452483
0.2899571357940969 0.1321190447068743
0.28711035421746367 0.13206806646903554
0.28427197715952046 0.13200688556443443
0.28144211667453367 0.13193554117600303
0.27862088448054934 0.13185407217626016
0.27580839195498397 0.13176251690131405
0.2730047501302266 0.1316609129295748
0.2702100696892561 0.1315492968659566
0.2674244609612708 0.13142770413233565
0.2646480339173337 0.13129616876501793
0.26188089816603033 0.1311547232199501
0.2591231629491423 0.13100339818639095
0.2563749371373337 0.1308422224097377
0.25363632922585433 0.13067122252417696
0.2509074473302546 0.13049042289580592
0.24818839918211966 0.1302998454768392
0.24547929212481434 0.1300995096714886
0.2427802331092468 0.12988943221406882
0.24009132868964522 0.12966962705985
0.2374126850193521 0.12944010528914102
0.23474440784663286 0.12920087502505032
0.2320866025105015 0.1289519413653319
0.2294393739365621 0.12869330632868395
0.22680282663286544 0.12842496881582466
0.2241770646857849 0.12814692458562782
0.2215621917559062 0.1278591662465555
0.21895831107393482 0.1275616832635798
0.2163655254366219 0.12725446198074095
0.2137839372027046 0.1269374856594388
0.21121364828886624 0.1266107345325115
0.20865476016571205 0.12627418587410238
0.20610737385376354 0.12592781408527184
0.20357158991947033 0.1255715907952591
0.20104750847124075 0.12520548497825223
0.19853522915548782 0.12482946308547435
0.19603485115269748 0.12444348919234748
0.19354647317351192 0.12404752516044465
0.1910701934548329 0.12364153081389653
0.18860610975594383 0.12322546412986905
0.18615431935464977 0.1227992814426837
0.18371491904343773 0.12236293766110667
0.18128800512565513 0.12191638649828863
0.1788736734117078 0.12145958071379341
0.176472019215278 0.12099247236711348
0.1740831373495607 0.12051501308202728
0.1717071221235218 0.12002715432111795
0.1693440673381741 0.11952884766973262
0.16699406628287417 0.11902004512862854
0.16465721173164005 0.11850069941451741
0.16233359593948782 0.11797076426768903
0.16002331063879038 0.11743019476586516
0.15772644703565564 0.11687894764340769
0.15544309580632587 0.11631698161498062
0.15317334709359764 0.11574425770274331
0.15091729050326375 0.11516073956613099
0.14867501510057546 0.11456639383326388
0.14644660940672627 0.1139611904330077
0.14423216139535733 0.11334510292669978
0.14203175848908445 0.11271810883854405
0.13984548755604653 0.11208018998366978
0.13767343490647665 0.11143133279284904
0.13551568628929433 0.11077152863286199
0.13337232688872014 0.11010077412150505
0.13124344132091315 0.1094190714362381
0.1291291136306305 0.10872642861547724
0.1270294272879089 0.1080228598515465
0.1249444651847702 0.10730838577431905
0.12287430963194801 0.10658303372458948
0.120819042355639 0.10584683801624248
0.11877874449427606 0.10509984018630007
0.11675349659532519 0.10434208923195623
0.11474337861210548 0.10357364183373421
0.11274846990063314 0.10279456256393002
0.11076884921648833 0.10200492407953864
0.108804594711706 0.1012048072988923
0.1068557839316906 0.10039430156127942
0.1049224938121548 0.09957350476884815
0.10300480067608231 0.0987425235101428
0.1011027802307145 0.09790147316466266
0.09921650756456168 0.0970504779878789
0.09734605714443911 0.09618967117619182
0.09549150281252627 0.09531919491135918
0.09365291778345308 0.09443920038397889
0.09183037464140797 0.09354984779565689
0.09002394533727376 0.09265130633955035
0.08823370118578633 0.09174375415902476
0.08645971286271903 0.09082737828422383
0.08470205040209366 0.08990237454640537
0.08296078319341449 0.08896894746995328
0.08123597997892917 0.08802731014203603
0.07952770885091542 0.08707768405993833
0.07783603724899257 0.08612029895615254
0.07616103195745849 0.08515539260137446
0.07450275910265414 0.08418321058560992
0.07286128415035242 0.08320400607765305
0.07123667190317395 0.08221803956326001
0.06962898649802818 0.08122557856239683
0.06803829140358242 0.08022689732600113
0.06646464941775498 0.07922227651274888
0.06490812266523716 0.07821200284638063
0.06336877259504003 0.07719636875418835
0.061846659978068264 0.07617567198732378
0.06034184490472194 0.07515021522363963
0.058854386782523416 0.07412030565382254
0.057384344333772486 0.07308625455163098
0.05593177559322782 0.07204837682909396
0.054496737905816106 0.07100699057757481
0.05307928792436811 0.06996241659564498
0.051679481607382005 0.0689149779047558
0.05029737421681446 0.0678649992537337
0.048933020315898634 0.06681280661316115
0.04758647376699032 0.06575872666073906
0.04625778772944156 0.06470308625875798
0.04494701465750217 0.06364621192483334
0.043654206298248566 0.06258842929708539
0.042379413689541234 0.06153006259496856
0.041122687158009485 0.060471434076972856
0.03988407631706481 0.059412863496438144
0.038663630064942556 0.058354667556735684
0.037461396582771034 0.05729715936707996
0.03627742333266937 0.05624064790024441
0.035111757055874326 0.05518543745345685
0.03396444377089458 0.054131827113750454
0.032835528771693934 0.0530801102290464
0.03172505662590386 0.0520305738862379
0.03063307117306291 0.05098349839753344
0.029559615522887217 0.049939156796312265
0.02850473205356774 0.04889781434372068
0.027468462410097594 0.04785972804722802
0.02645084750262794 0.046825146192333494
0.02545192750485281 0.0457943078885939
0.02447174185242318 0.044767442631112854
0.023510329241390626 0.04374476987860275
0.02256772762667847 0.04272649864909438
0.021643974220584727 0.041712827134338624
0.02073910549131197 0.040703942333896584
0.019853157161528467 0.03970001970988263
0.01898616420695709 0.0387012228632706
0.01813816085499509 0.03770770323263568
0.01730918058336306 0.036719599816148356
0.016499256118782446 0.03573703891758733
0.015708419435684462 0.03476013391708836
0.014936701754947102 0.033788985067283867
0.014184133542663013 0.03282367931543709
0.013450744508936685 0.03186429015211112
0.012736563606711382 0.030910877486854445
0.012041619030626283 0.029963487551322908
0.01136593821590326 0.029022152830193347
0.010709547837263966 0.02808689202016141
0.01007247380787657 0.02715771001724927
0.009454741278333012 0.026234597932584515
0.008856374635655695 0.025317533136742842
0.008277397502335138 0.024406479332683202
0.007717832735397279 0.023501386657233225
0.007177702425500976 0.022602191811017674
0.006657027896066037 0.02170881821665531
0.006155829702431115 0.020821176204981064
0.005674127631043024 0.019939163228987273
0.005211940698674589 0.019062664105104134
0.004769287151674462 0.01819155128138582
0.004346184465246816 0.017325685132093812
0.0039426493427611176 0.01646491427811066
0.0035586977150932064 0.015609075932557262
0.0031943447399958025 0.014757996270919687
0.002849604801500538 0.01391149082494154
0.0025244915093498577 0.013069364899472049
0.002219017698460002 0.012231414011411526
0.0019331954284137476 0.011397424349836056
0.0016670359829851211 0.010567173256341891
0.0014205498696930885 0.009740429724586202
0.0011937468193874423 0.008916954917972808
0.0009866357858642205 0.008096502704369584
0.0007992249455124334 0.007278820206717007
0.0006315216969912107 0.006463648368340086
0.0004835326609375912 0.005650722531743579
0.00035526367970539763 0.004839773029639823
0.0002467198171342 0.0040305257869205505
0.00015790535835003006 0.003222702932273761
8.882380959551739e-05 0.002416023418096475
3.947789809188862e-05 0.001610203647367249
9.869571931497845e-06 0.0008049581061060277
0.0 -0.0
9.869571931497845e-06 -0.0008048310794230354
3.947789809188862e-05 -0.0016091877245422532
8.882380959551739e-05 -0.0024125963126969668
0.00015790535835003006 -0.003214584842557373
0.00024671981713408897 -0.004014683740069291
0.00035526367970550865 -0.004812426658681874
0.0004835326609375912 -0.005607351271997759
0.0006315216969912107 -0.006399000057040132
0.0007992249455124334 -0.007186921066231593
0.0009866357858641095 -0.007970668686343333
0.0011937468193874423 -0.008749804382616824
0.0014205498696930885 -0.009523897426329512
0.0016670359829851211 -0.010292525604128414
0.0019331954284136366 -0.01105527590747358
0.002219017698460002 -0.011811745200614412
0.0025244915093498577 -0.012561540865547786
0.002849604801500538 -0.013304281422498905
0.0031943447399958025 -0.014039597124490455
0.0035586977150932064 -0.014767130524664808
0.0039426493427610065 -0.015486537015071841
0.004346184465246594 -0.01619748533571953
0.004769287151674462 -0.016899658052751853
0.005211940698674589 -0.01759275200470306
0.005674127631043024 -0.01827647871585893
0.006155829702431115 -0.01895056477583073
0.006657027896066037 -0.019614752184543623
0.007177702425500865 -0.020268798661921796
0.007717832735397279 -0.020912477921648454
0.008277397502335138 -0.021545579908458658
0.008856374635655584 -0.0221679109985304
0.009454741278333012 -0.02277929416261857
0.01007247380787657 -0.023379569091677054
0.010709547837263855 -0.023968592284810287
0.01136593821590326 -0.02454623709948387
0.012041619030626283 -0.02511239376402378
0.012736563606711382 -0.025666969352527876
0.013450744508936685 -0.0262098877224038
0.014184133542663124 -0.02674108941484435
0.014936701754947102 -0.02726053151864165
0.015708419435684462 -0.027768187497834596
0.016499256118782446 -0.028264046983769754
0.01730918058336295 -0.028748115532249097
0.01813816085499509 -0.029220414346519844
0.01898616420695709 -0.029680979966947317
0.01985315716152858 -0.030129863928293935
0.02073910549131197 -0.030567132385604844
0.021643974220584727 -0.030992865709779067
0.02256772762667847 -0.031407158053975086
0.023510329241390515 -0.03181011689207501
0.02447174185242318 -0.032201862530493015
0.02545192750485281 -0.03258252759468081
0.026450847502627717 -0.032952256491740654
0.027468462410097594 -0.03331120485061431
0.02850473205356785 -0.033659538941364565
0.029559615522887217 -0.033997435075119244
0.03063307117306291 -0.03432507898628649
0.03172505662590375 -0.03464266519869167
0.032835528771693934 -0.03495039637732159
0.03396444377089458 -0.03524848266739115
0.035111757055874326 -0.035537141022473996
0.03627742333266948 -0.03581659452346065
0.037461396582771034 -0.036087071690122666
0.038663630064942556 -0.03634880578707579
0.0398840763170647 -0.036602034125939785
0.04112268715800926 -0.03684699736549729
0.04237941368954101 -0.037083938811650466
0.043654206298248344 -0.037313103718968225
0.04494701465750195 -0.037534738595604814
0.046257787729441446 -0.03774909051335432
0.04758647376699021 -0.0379564064245855
0.048933020315898634 -0.03815693248777515
0.05029737421681446 -0.03835091340332935
0.051679481607382005 -0.03853859176134736
0.053079287924368 -0.0387202074029447
0.054496737905815884 -0.03889599679670991
0.055931775593227595 -0.03906619243182228
0.057384344333772264 -0.03923102222930821
0.058854386782523305 -0.03939070897285948
0.06034184490472172 -0.03954546976057895
0.061846659978068264 -0.03969551547895833
0.06336877259503981 -0.039841050300328223
0.06490812266523704 -0.03998227120495359
0.06646464941775498 -0.04011936752887655
0.0680382914035822 -0.040252520538536875
0.06962898649802796 -0.040381903033124014
0.07123667190317384 -0.04050767897553699
0.0728612841503522 -0.04063000315274913
0.07450275910265391 -0.04074902086629273
0.07616103195745838 -0.040864867653495084
0.07783603724899235 -0.04097766904001361
0.07952770885091542 -0.04108754032413127
0.08123597997892906 -0.04119458639318686
0.08296078319341427 -0.04129890157242774
0.08470205040209366 -0.04140056950648433
0.08645971286271892 -0.04149966307357775
0.0882337011857861 -0.04159624433248398
0.09002394533727376 -0.04169036450218989
0.09183037464140797 -0.04178206397408939
0.09365291778345286 -0.041871372356481716
0.09549150281252627 -0.04195830855104699
0.09734605714443889 -0.04204288086089129
0.09921650756456168 -0.04212508712966956
0.10110278023071428 -0.04220491491121298
0.1030048006760822 -0.04228234166900907
0.10492249381215468 -0.04235733500480364
0.1068557839316906 -0.042429852915519886
0.10880459471170578 -0.042499844077616235
0.11076884921648822 -0.042567248157934626
0.11274846990063292 -0.04263199615002354
0.11474337861210548 -0.04269401073485596
0.11675349659532497 -0.0427532066648004
0.11877874449427583 -0.042809491169646656
0.120819042355639 -0.042862764383431964
0.12287430963194801 -0.04291291979076357
0.1249444651847702 -0.04295984469128592
0.1270294272879089 -0.043003420680897735
0.1291291136306303 -0.04304352414828498
0.13124344132091315 -0.04308002678529984
0.13337232688871992 -0.04311279610968562
0.1355156862892941 -0.043141695998619514
0.13767343490647654 -0.043166587231523335
0.13984548755604642 -0.04318732804057307
0.14203175848908423 -0.04320377466732473
0.14423216139535722 -0.04321578192386386
0.14644660940672605 -0.04322320375688059
0.14867501510057535 -0.04322589381307188
0.15091729050326363 -0.04322370600427469
0.15317334709359764 -0.043216495070743
0.15544309580632576 -0.04320411714099236
0.15772644703565541 -0.04318643028665286
0.16002331063879027 -0.04316329507079122
0.16233359593948782 -0.043134575088187625
0.16465721173163983 -0.043100137496081534
0.16699406628287417 -0.04305985353393323
0.1693440673381741 -0.04301359903078413
0.1717071221235218 -0.042961254898839604
0.1740831373495606 -0.04290270761194091
0.17647201921527778 -0.04283784966764127
0.17887367341170757 -0.04276658003165052
0.18128800512565535 -0.04268880456346754
0.18371491904343773 -0.04260443642207598
0.18615431935465 -0.04251339645063813
0.18860610975594372 -0.04241561353918556
0.19107019345483267 -0.04231102496436773
0.1935464731735117 -0.042199576705389666
0.19603485115269725 -0.042081223735336605
0.1985352291554876 -0.04195593028715633
0.20104750847124042 -0.041823670093642816
0.20357158991947055 -0.04168442660083799
0.20610737385376332 -0.041538193154346065
0.20865476016571205 -0.04138497315813027
0.21121364828886624 -0.04122478020544035
0.2137839372027044 -0.041057638181597356
0.2163655254366219 -0.04088358133844129
0.2189583110739346 -0.0407026543403261
0.22156219175590608 -0.04051491228162537
0.2241770646857848 -0.04032042067579186
0.22680282663286544 -0.0401192554160908
0.2294393739365621 -0.03991150270820668
0.23208660251050173 -0.03969725897499837
0.23474440784663297 -0.03947663073375426
0.2374126850193523 -0.039249734446373405
0.24009132868964533 -0.039016696342971946
0.24278023310924657 -0.038777652219484544
0.24547929212481456 -0.03853274720990181
0.24818839918211943 -0.0382821355338503
0.25090744733025483 -0.03802598022028781
0.2536363292258541 -0.03776445280815046
0.25637493713733406 -0.03749773302484511
0.2591231629491424 -0.03722600844354301
0.26188089816603055 -0.03694947412027973
0.2646480339173338 -0.03666833221192295
0.2674244609612706 -0.03638279157611438
0.2702100696892562 -0.03609306735433929
0.2730047501302266 -0.0357993805393187
0.2758083919549841 -0.03550195752795604
0.2786208844805491 -0.035201029661106886
0.2814421166745338 -0.0348968327514693
0.2842719771595206 -0.03458960660092154
0.287110354217464 -0.03427959450865495
0.2899571357940969 -0.03396704277147198
0.29281220950335785 -0.03365220017763227
0.29567546263182565 -0.0333353174956439
0.29854678214316865 -0.03301664695940316
0.30142605468260975 -0.03269644175108937
0.30431316658139873 -0.032374955483224124
0.30720800386130187 -0.03205244168129603
0.31011045223909917 -0.03172915326834775
0.31302039713109964 -0.0314053420529076
0.3159377236576608 -0.031081258221634663
0.31886231664772713 -0.03075714983802351
0.32179406064337446 -0.0304332623484963
0.3247328399043705 -0.030109838097177485
0.3276785384127412 -0.029787115850621586
0.330631039877354 -0.029465330333726447
0.33359022773850655 -0.029144711778029905
0.3365559851725284 -0.02882548548354652
0.3395281950963951 -0.02850787139525737
0.34250674017234717 -0.028192083695321158
0.3454915028125263 -0.027878330412023096
0.34848236518361286 -0.02756681304642981
0.35147920921148246 -0.027257726217660472
0.3544819165858639 -0.02695125732763122
0.3574903687650115 -0.02664758624606861
0.3605044469803853 -0.02634688501652881
0.3635240322413371 -0.026049317584095885
0.36654900533981216 -0.025755039545368126
0.36957924685505117 -0.025464197921277475
0.3726146371583088 -0.02517693095321692
0.37565505641757246 -0.024893367922887752
0.37870038460229627 -0.024613628996204177
0.3817505014881375 -0.02433782509152867
0.3848052866617042 -0.024066057772437505
0.38786461952530926 -0.02379841916514842
0.3909283793017284 -0.023534991900671563
0.3939964450389726 -0.02327584908167349
0.3970686956150591 -0.023021054273977007
0.40014500974279654 -0.02277066152254766
0.40322526597456965 -0.02252471539175196
0.4063093427071376 -0.02228325102960254
0.4093971181864311 -0.022046294255641613
0.4124884705123619 -0.021813861672046474
0.415583277643633 -0.021585960797479983
0.41868141740255793 -0.021362590223144625
0.4217827674798844 -0.021143739790440524
0.4248872054396211 -0.02092939078956923
0.42799460872387396 -0.020719516178368244
0.4311048546576808 -0.02051408082060977
0.4342178204538587 -0.020313041742943762
0.43733338321784765 -0.02011634840961909
0.4404514199525651 -0.0199239430140683
0.4435718075632591 -0.01973576078640161
0.4466944228623697 -0.01955173031581243
0.4498191425743925 -0.019371773886862773
0.4529458433407425 -0.019195807828581032
0.4560744017246283 -0.01902374287527504
0.4592046942159209 -0.018855484537935983
0.4623365972360336 -0.018690933485084542
0.46546998714279697 -0.018529985931890928
0.4686047402353435 -0.018372534036382355
0.47174073275898754 -0.01821846630153954
0.47487784091011487 -0.018067667982072624
0.4780159408410676 -0.01792002149466151
0.4811549086650324 -0.017775406830442486
0.48429462046093574 -0.01763370196852333
0.487434952278331 -0.01749478328931473
0.49057578014229586 -0.01735852598647189
0.49371698005832365 -0.017224804476253616
0.4968584280172206 -0.017093492803118664
0.5 -0.016964465040399276
0.5031415719827792 -0.016837595684912107
0.5062830199416763 -0.016712760044391723
0.5094242198577039 -0.016589834616659502
0.5125650477216688 -0.01646869745947274
0.515705379539064 -0.01634922855003018
0.5188450913349674 -0.016231310133150014
0.5219840591589324 -0.016114827057173344
0.5251221590898849 -0.015999667096689218
0.5282592672410122 -0.015885721261221716
0.5313952597646565 -0.015772884089066623
0.5345300128572028 -0.015661053925513303
0.5376634027639662 -0.015550133184740071
0.5407953057840789 -0.015440028594722491
0.5439255982753715 -0.01533065142455063
0.5470541566592573 -0.015221917693605161
0.5501808574256073 -0.015113748362102454
0.5533055771376301 -0.015006069502575232
0.5564281924367407 -0.014898812451917305
0.5595485800474347 -0.01479191394367921
0.5626666167821521 -0.014685316220365664
0.5657821795461411 -0.014578967125545236
0.568895145342319 -0.014472820175646234
0.572005391276126 -0.014366834611374241
0.5751127945603787 -0.014260975428749982
0.5782172325201154 -0.014155213389826428
0.5813185825974418 -0.014049525013207899
0.584416722356367 -0.013943892544552347
0.5875115294876379 -0.013838303907300517
0.5906028818135687 -0.013732752633932716
0.5936906572928622 -0.013627237778113754
0.5967747340254301 -0.013521763808142089
0.5998549902572035 -0.013416340482175096
0.6029313043849407 -0.013310982705755913
0.6060035549610272 -0.01320571037221919
0.6090716206982714 -0.013100548186602728
0.6121353804746905 -0.012995525473740652
0.6151947133382956 -0.012890675971258104
0.6182494985118623 -0.012786037608232267
0.6212996153977035 -0.012681652270324497
0.6243449435824275 -0.012577565552226522
0.627385362841691 -0.012473826498300304
0.6304207531449486 -0.012370487332322528
0.6334509946601878 -0.012267603177276588
0.6364759677586629 -0.012165231766159527
0.6394955530196147 -0.012063433144798547
0.6425096312349883 -0.011962269367689154
0.6455180834141361 -0.011861804187888231
0.6485207907885173 -0.011762102742007143
0.6515176348163871 -0.011663231231363494
0.6545084971874737 -0.011565256600357251
0.6574932598276526 -0.01146824621314188
0.6604718049036047 -0.011372267529663778
0.6634440148274714 -0.011277387782140377
0.6664097722614932 -0.011183673653043858
0.669368960122646 -0.011091190955648035
0.6723214615872586 -0.011000004318186174
0.6752671600956295 -0.010910176872651531
0.6782059393566255 -0.010821769949256696
0.6811376833522726 -0.010734842777545894
0.6840622763423392 -0.01064945219513153
0.6869796028689001 -0.01056565236500021
0.6898895477609008 -0.010483494502303313
0.6927919961386979 -0.010403026611516902
0.695686833418601 -0.010324293234819202
0.69857394531739 -0.010247335212499141
0.7014532178568311 -0.01017218945616812
0.7043245373681741 -0.010098888735506906
0.7071877904966419 -0.010027461479234903
0.7100428642059029 -0.009957931590943991
0.712889645782536 -0.009890318280390904
0.7157280228404792 -0.00982463591079301
0.718557883325466 -0.009760893862621958
0.7213791155194507 -0.009699096414336117
0.7241916080450159 -0.00963924264044086
0.7269952498697734 -0.009581326327209507
0.7297899303107436 -0.009525335906343538
0.7325755390387292 -0.009471254406793366
0.735351966082666 -0.009419059424904855
0.7381191018339692 -0.009368723112999048
0.7408768370508574 -0.009320212186435427
0.7436250628626659 -0.009273487949150836
0.7463636707741457 -0.00922850633760977
0.7490925526697452 -0.009185217983043418
0.7518116008178803 -0.009143568291799015
0.7545207078751854 -0.009103497543564645
0.7572197668907532 -0.009064941007179025
0.7599086713103547 -0.009027829073682185
0.7625873149806475 -0.008992087406209008
0.7652555921533668 -0.00895763710627597
0.767913397489498 -0.008924394895961012
0.7705606260634379 -0.008892273315427206
0.7731971733671343 -0.008861180935193965
0.7758229353142152 -0.008831022582513668
0.7784378082440937 -0.008801699581169265
0.7810416889260652 -0.008773110003965448
0.7836344745633781 -0.00874514893714899
0.7862160627972954 -0.008717708755955381
0.7887863517111335 -0.008690679410445983
0.7913452398342877 -0.00866394872076748
0.7938926261462365 -0.008637402680936952
0.7964284100805294 -0.008610925770229249
0.7989524915287594 -0.008584401271220272
0.8014647708445122 -0.008557711593518867
0.8039651488473027 -0.008530738602202728
0.8064535268264881 -0.008503363949958844
0.8089298065451671 -0.00847546941191764
0.8113938902440561 -0.0084469372221611
0.81384568064535 -0.008417650410880178
0.816285080956562 -0.00838749314115383
0.8187119948743447 -0.008356351044323414
0.8211263265882922 -0.008324111552939363
0.823527980784722 -0.008290664230264474
0.8259168626504394 -0.008255901095327778
0.828292877876478 -0.008219716942536173
0.8306559326618259 -0.008182009654866691
0.8330059337171258 -0.008142680509681572
0.8353427882683597 -0.008101634476229603
0.8376664040605122 -0.008058780503922156
0.8399766893612095 -0.008014031800499555
0.8422735529643444 -0.007967306099233146
0.844556904193674 -0.007918525914341237
0.8468266529064026 -0.007867618783831895
0.8490827094967361 -0.00781451749902298
0.8513249848994247 -0.007759160320029058
0.8535533905932737 -0.007701491176547088
0.8557678386046423 -0.007641459853315738
0.8579682415109156 -0.007579022159669197
0.8601545124439531 -0.007514140082653513
0.8623265650935235 -0.007446781923221942
0.8644843137107057 -0.007376922415076747
0.8666276731112801 -0.007304542825775508
0.8687565586790869 -0.007229631039773742
0.8708708863693697 -0.007152181623128151
0.8729705727120911 -0.007072195869640369
0.8750555348152296 -0.006989681828275138
0.877125690368052 -0.006904654311743319
0.8791809576443608 -0.00681713488619562
0.8812212555057239 -0.006727151842028743
0.8832465034046748 -0.006634740145862493
0.8852566213878947 -0.00653994137380129
0.8872515300993669 -0.006442803626149975
0.8892311507835118 -0.0063433814238078885
0.891195405288294 -0.006241735586620591
0.8931442160683094 -0.006137933094020919
0.8950775061878451 -0.006032046928344753
0.8969951993239176 -0.005924155901257231
0.8988972197692855 -0.005814344463775912
0.9007834924354383 -0.005702702500425631
0.9026539428555611 -0.005589325108106871
0.9045084971874737 -0.005474312360304914
0.9063470822165471 -0.005357769057310132
0.908169625358592 -0.005239804463161728
0.909976054662726 -0.0051205320300657785
0.9117662988142137 -0.005000069111076384
0.9135402871372809 -0.004878536661862849
0.9152979495979063 -0.004756058932418143
0.9170392168065855 -0.004632763149594153
0.9187640200210709 -0.004508779191375664
0.9204722911490846 -0.00438423925383013
0.9221639627510076 -0.004259277511691242
0.9238389680425416 -0.004134029773553855
0.9254972408973461 -0.004008633132672987
0.9271387158496476 -0.003883225614373471
0.9287633280968262 -0.003757945821085666
0.9303710135019718 -0.003632932576031064
0.9319617085964176 -0.0035083245665842276
0.933535350582245 -0.0033842599883393437
0.9350918773347627 -0.0032608761909072807
0.9366312274049602 -0.0031383093264636306
0.9381533400219317 -0.003016694002060765
0.9396581550952783 -0.0028961629367047275
0.9411456132174767 -0.002776846624185085
0.9426156556662275 -0.002658873002627211
0.9440682244067724 -0.0025423671317181752
0.9455032620941839 -0.0024274508785337326
0.946920712075632 -0.002314242612868453
0.948320518392618 -0.002202856912944037
0.9497026257831855 -0.0020934042823386144
0.9510669796841014 -0.0019859908789481608
0.9524135262330098 -0.0018807182567546718
0.9537422122705586 -0.0017776831211384456
0.9550529853424978 -0.0016769770984315755
0.9563457937017514 -0.0015786865203678826
0.9576205863104588 -0.0014828922240406747
0.9588773128419907 -0.0013896693679335832
0.9601159236829351 -0.0012990872645429544
0.9613363699350574 -0.001211209230060509
0.962538603417229 -0.001126092451535889
0.9637225766673305 -0.0010437878718857335
0.9648882429441255 -0.0009643400930647126
0.9660355562291054 -0.0008877872976595056
0.9671644712283058 -0.0008141611891130162
0.9682749433740963 -0.0007434869507306851
0.9693669288269369 -0.0006757832235663684
0.9704403844771126 -0.0006110621032284125
0.9714952679464322 -0.0005493291555923548
0.9725315375899024 -0.0004905834513496996
0.9735491524973721 -0.00043481761926772195
0.9745480724951472 -0.00038201791797984346
0.9755282581475768 -0.0003321643260718053
0.9764896707586093 -0.00028523065017499986
0.9774322723733215 -0.00024118465072534942
0.9783560257794153 -0.00019998818499467554
0.9792608945086878 -0.00016159736695005333
0.9801468428384714 -0.00012596274344801642
0.9810138357930429 -9.302948622213465e-05
0.9818618391450049 -6.273759907621589e-05
0.9826908194166368 -3.5022139650993804e-05
0.9835007438812176 -9.813455089298994e-06
0.9842915805643155 1.296256911572777e-05
0.9850632982450529 3.3384247843746466e-05
0.9858158664573369 5.153382343190182e-05
0.9865492554910631 6.749718194565605e-05
0.9872634363932886 8.136355949168126e-05
0.9879583809693737 9.322523945776167e-05
0.9886340617840967 0.00010317724159113764
0.9892904521627359 0.00011131700385019062
0.9899275261921234 0.00011774405798550239
0.990545258721667 0.0001225596998242355
0.9911436253643444 0.0001258666552471169
0.9917226024976649 0.0001277687428594523
0.9922821672646027 0.00012837053436703222
0.9928222975744989 0.0001277770136740255
0.993342972103934 0.00012609323572332934
0.9938441702975689 0.00012342398610012178
0.994325872368957 0.00011987344241665441
0.9947880593013254 0.00011554483849059073
0.9952307128483255 0.00011054013232049874
0.9956538155347534 0.0001049596788504048
0.9960573506572388 9.890190850073415e-05
0.9964413022849068 9.24630124253843e-05
0.9968056552600042 8.573663543452705e-05
0.9971503951984995 7.881357749936714e-05
0.9974755084906501 7.178150472951214e-05
0.99778098230154 6.472467068502684e-05
0.9980668045715864 5.7723648854277195e-05
0.9983329640170149 5.0855077095309297e-05
0.9985794501303069 4.419141480251348e-05
0.9988062531806126 3.7800713522580305e-05
0.9990133642141359 3.174640170322661e-05
0.9992007750544876 2.6087084216262778e-05
0.9993684783030088 2.0876357252235412e-05
0.9995164673390624 1.6162639138256285e-05
0.9996447363202945 1.1989017582919758e-05
0.9997532801828659 8.393113803341536e-06
0.99984209464165 5.406963939158424e-06
0.9999111761904045 3.056918106404179e-06
0.9999605221019081 1.3635573922381647e-06
0.9999901304280685 3.4162903747336444e-07
1 0
