1 0
0.9999901304280685 9.560631270823776e-07
0.9999605221019081 3.82316863756212e-06
0.9999111761904045 8.59806742070249e-06
0.99984209464165 1.5275352623213095e-05
0.9997532801828658 2.3847472122634414e-05
0.9996447363202946 3.4304745942573195e-05
0.9995164673390624 4.663538856250609e-05
0.9993684783030088 6.082553606205168e-05
0.9992007750544876 7.685927802554408e-05
0.9990133642141358 9.471869412091942e-05
0.9988062531806126 0.00011438389525353422
0.9985794501303069 0.00013583306918347028
0.9983329640170149 0.00015904253048292197
0.9980668045715863 0.00018398677469825495
0.99778098230154 0.00021063853657042394
0.9974755084906501 0.0002389688521560243
0.9971503951984995 0.00026894712468151653
0.9968056552600042 0.00030054119395230624
0.9964413022849068 0.000333717409129729
0.996057350657239 0.00036844070467942927
0.9956538155347533 0.0004046746792865977
0.9952307128483255 0.00044238167752555675
0.9947880593013254 0.000481522874063917
0.994325872368957 0.0005220583601752973
0.9938441702975689 0.0005639472323280901
0.993342972103934 0.0006071476826129444
0.992822297574499 0.0006516170907667135
0.9922821672646027 0.000697312117546967
0.9917226024976649 0.0007441887992075185
0.9911436253643444 0.0007922026428232135
0.990545258721667 0.00084130872221033
0.9899275261921234 0.0008914617741875546
0.989290452162736 0.0009426162949226206
0.9886340617840967 0.0009947266361092972
0.9879583809693737 0.0010477471007212115
0.9872634363932886 0.0011016320380900406
0.9865492554910633 0.001156335938058595
0.985815866457337 0.0012118135239620551
0.9850632982450529 0.0012680198441948239
0.9842915805643155 0.0013249103621245832
0.9835007438812176 0.0013824410441206805
0.9826908194166369 0.0014405684454695923
0.9818618391450049 0.0014992497939566617
0.9810138357930429 0.0015584430709006288
0.9801468428384715 0.0016181070894346692
0.9792608945086879 0.0016782015698365044
0.9783560257794153 0.0017386872117183304
0.9774322723733215 0.001799525762897086
0.9764896707586095 0.0018606800847750238
0.9755282581475768 0.0019221142140710857
0.9745480724951473 0.0019837934207541223
0.9735491524973722 0.002045684262040066
0.9725315375899024 0.0021077546323268236
0.9714952679464323 0.002169973808952209
0.9704403844771128 0.0022323124936725835
0.9693669288269371 0.0022947428497720837
0.9682749433740961 0.0023572385347250297
0.9671644712283061 0.0024197747283468533
0.9660355562291054 0.0024823281563819116
0.9648882429441257 0.0025448771094895685
0.9637225766673307 0.0026074014576032097
0.962538603417229 0.0026698826596499746
0.9613363699350574 0.0027323037686321923
0.9601159236829352 0.0027946494320849717
0.9588773128419905 0.0028569058879370727
0.9576205863104588 0.002919060955815666
0.9563457937017514 0.00298110402384819
0.9550529853424978 0.0030430260310272917
0.9537422122705584 0.003104819445217343
0.9524135262330098 0.003166478236893259
0.9510669796841014 0.0032279978487142575
0.9497026257831855 0.0032893751610467933
0.948320518392618 0.0033506084535623467
0.9469207120756319 0.0034116973630463165
0.9455032620941839 0.003472642837565042
0.9440682244067723 0.003533447087147821
0.9426156556662276 0.0035941135311503758
0.9411456132174767 0.0036546467424752056
0.9396581550952781 0.0037150523888329
0.9381533400219317 0.0037753371712362575
0.9366312274049601 0.003835508759926654
0.9350918773347628 0.003895575727938637
0.933535350582245 0.0039555474825151106
0.9319617085964176 0.004015434194590876
0.9303710135019718 0.004075246726567255
0.9287633280968262 0.004134996558604717
0.9271387158496476 0.004194695713663951
0.925497240897346 0.004254356681528786
0.9238389680425416 0.004313992342046503
0.9221639627510075 0.004373615887822519
0.9204722911490846 0.004433240746607302
0.9187640200210709 0.004492880503613438
0.9170392168065856 0.004552548824000128
0.9152979495979063 0.004612259375761129
0.9135402871372809 0.004672025753250158
0.9117662988142137 0.004731861401575084
0.9099760546627261 0.004791779542088874
0.908169625358592 0.004851793099201254
0.9063470822165469 0.004911914628730367
0.9045084971874737 0.004972156248008337
0.9026539428555609 0.005032529567948935
0.9007834924354383 0.005093045627278572
0.8988972197692855 0.00515371482912531
0.8969951993239177 0.005214546880152266
0.8950775061878452 0.005275550732414126
0.8931442160683094 0.005336734528106353
0.891195405288294 0.005398105547367626
0.8892311507835118 0.005459670159286367
0.8872515300993669 0.005521433776252027
0.8852566213878946 0.00558340081178127
0.8832465034046749 0.005645574641938494
0.8812212555057239 0.005707957570458648
0.879180957644361 0.005770550797668909
0.8771256903680519 0.00583335439329412
0.8750555348152298 0.005896367273218482
0.8729705727120911 0.005959587180264349
0.8708708863693696 0.006023010669035887
0.868756558679087 0.006086633094863531
0.8666276731112801 0.006150448606872096
0.8644843137107058 0.0062144501451829575
0.8623265650935233 0.006278629442248056
0.8601545124439535 0.00634297702830077
0.8579682415109156 0.0064074822408962786
0.8557678386046428 0.006472133238501258
0.8535533905932737 0.0065369170180809765
0.8513249848994247 0.006601819436618897
0.8490827094967364 0.006666825236492927
0.8468266529064025 0.0067319180746197894
0.8445569041936742 0.006797080555268209
0.8422735529643444 0.0068622942664303905
0.8399766893612096 0.006927539819630152
0.8376664040605122 0.006992796893036243
0.83534278826836 0.007058044277738887
0.8330059337171258 0.007123259927038472
0.8306559326618259 0.007188421008585881
0.8282928778764782 0.007253503959205711
0.8259168626504394 0.007318484542225367
0.8235279807847222 0.0073833379071254635
0.8211263265882922 0.007448038651320337
0.8187119948743449 0.007512560883870636
0.8162850809565623 0.007576878290924705
0.8138456806453502 0.007640964202679899
0.8113938902440563 0.00770479166165074
0.8089298065451672 0.007768333492026993
0.8064535268264883 0.007831562369901283
0.8039651488473027 0.007894450894143716
0.8014647708445124 0.007956971657698802
0.7989524915287595 0.008019097319079146
0.7964284100805297 0.008080800673829516
0.7938926261462366 0.008142054725735558
0.7913452398342881 0.00820283275755192
0.7887863517111338 0.008263108401026495
0.7862160627972955 0.008322855705999404
0.7836344745633783 0.008382049208358701
0.7810416889260653 0.008440663996637975
0.778437808244094 0.008498675777045519
0.7758229353142152 0.008556060936719727
0.7731971733671346 0.008612796605010489
0.7705606260634379 0.008668860712593093
0.7679133974894983 0.008724232048227207
0.765255592153367 0.008778890312981506
0.7625873149806479 0.008832816171751575
0.7599086713103547 0.008885991301907925
0.7572197668907532 0.008938398438919
0.7545207078751857 0.008990021418804188
0.7518116008178805 0.009040845217280956
0.7490925526697454 0.00909085598548077
0.7463636707741458 0.00914004108211922
0.7436250628626662 0.00918838910201619
0.7408768370508576 0.009235889900873737
0.7381191018339696 0.009282534616230494
0.7353519660826664 0.009328315684523436
0.7325755390387292 0.009373226854199834
0.729789930310744 0.009417263194834182
0.7269952498697734 0.009460421102217911
0.7241916080450163 0.009502698299401003
0.7213791155194509 0.009544093833678591
0.7185578833254664 0.009584608069526752
0.7157280228404795 0.009624242677505425
0.7128896457825363 0.009663000619158082
0.7100428642059032 0.00970088612795075
0.7071877904966422 0.009737904686304881
0.7043245373681746 0.00977406299879105
0.7014532178568313 0.009809368961562218
0.6985739453173903 0.009843831628117021
0.6956868334186013 0.009877461171495308
0.6927919961386984 0.00991026884301881
0.6898895477609006 0.009942266927701206
0.6869796028689001 0.00997346869646176
0.6840622763423391 0.010003888355287574
0.6811376833522729 0.01003354099149801
0.6782059393566253 0.010062442517275234
0.6752671600956295 0.010090609610632496
0.6723214615872585 0.010118059654000906
0.6693689601226458 0.010144810670622038
0.6664097722614933 0.01017088125894186
0.6634440148274712 0.010196290525207256
0.6604718049036047 0.010221058014472387
0.6574932598276524 0.010245203640227987
0.6545084971874737 0.010268747612870374
0.651517634816387 0.010291710367231886
0.6485207907885174 0.010314112489396971
0.6455180834141359 0.010335974643031494
0.642509631234988 0.010357317495453993
0.6394955530196147 0.010378161643679764
0.6364759677586627 0.010398527540668357
0.6334509946601878 0.010418435422005372
0.6304207531449485 0.010437905233248735
0.6273853628416911 0.010456956558167394
0.6243449435824275 0.010475608548099057
0.6212996153977037 0.010493879852649724
0.6182494985118624 0.010511788551954952
0.6151947133382953 0.010529352090717706
0.6121353804746905 0.010546587214233395
0.6090716206982714 0.010563509906606608
0.6060035549610274 0.010580135331357906
0.6029313043849407 0.010596477774612291
0.5998549902572035 0.010612550591053274
0.5967747340254301 0.010628366152818824
0.5936906572928624 0.010643935801506235
0.5906028818135687 0.01065926980344463
0.5875115294876381 0.01067437730838331
0.5844167223563669 0.010689266311735059
0.5813185825974418 0.010703943620501831
0.5782172325201155 0.010718414823000507
0.5751127945603786 0.010732684262493911
0.572005391276126 0.010746755014821491
0.568895145342319 0.010760628870111527
0.5657821795461413 0.010774306318644795
0.5626666167821521 0.01078778654092662
0.5595485800474349 0.010801067402012214
0.5564281924367408 0.010814145450116627
0.5533055771376301 0.01082701591952798
0.5501808574256075 0.010839672737829445
0.5470541566592573 0.010852108537422325
0.5439255982753717 0.010864314671329152
0.5407953057840789 0.010876281233242992
0.5376634027639664 0.0108879970817756
0.534530012857203 0.010899449868844474
0.5313952597646567 0.010910626072125562
0.5282592672410122 0.01092151103148636
0.5251221590898848 0.010932088989300946
0.5219840591589324 0.010942343134536917
0.5188450913349674 0.010952255650492059
0.5157053795390643 0.010961807766046876
0.5125650477216688 0.010970979810288333
0.5094242198577041 0.010979751270348993
0.5062830199416763 0.01098810085229554
0.5031415719827795 0.010996006544890845
0.5 0.0110034456860442
0.4968584280172206 0.011010395031755642
0.49371698005832365 0.011016830827351968
0.49057578014229597 0.011022728880804095
0.48743495227833133 0.011028064637908733
0.48429462046093585 0.011032813259110342
0.48115490866503274 0.011036949697733951
0.4780159408410676 0.011040448779394111
0.4748778409101153 0.011043285282340451
0.47174073275898776 0.011045434018497223
0.46860474023534326 0.011046869914950273
0.4654699871427971 0.011047568095633483
0.4623365972360337 0.011047503962964382
0.45920469421592125 0.011046653279177948
0.45607440172462843 0.011044992247107994
0.45294584334074284 0.011042497590165375
0.4498191425743925 0.011039146631264317
0.44669442286237004 0.011034917370449862
0.4435718075632592 0.011029788560982773
0.4404514199525651 0.01102373978364118
0.43733338321784787 0.011016751519003394
0.4342178204538588 0.011008805217480802
0.431104854657681 0.010999883366875735
0.42799460872387385 0.01098996955724587
0.42488720543962144 0.010979048542863397
0.4217827674798845 0.010967106301065626
0.41868141740255815 0.010954130087801514
0.415583277643633 0.010940108489688198
0.4124884705123619 0.010925031472400808
0.4093971181864312 0.010908890425229491
0.4063093427071376 0.010891678201647848
0.40322526597456987 0.010873389155748703
0.40014500974279654 0.010854019174414477
0.39706869561505953 0.010833565705101812
0.3939964450389728 0.010812027779132592
0.39092837930172886 0.010789406030396482
0.3878646195253095 0.010765702709383304
0.3848052866617049 0.010740921692477293
0.38175050148813783 0.010715068486458864
0.3787003846022964 0.010688150228173925
0.3756550564175727 0.010660175679344646
0.372614637158309 0.010631155216510105
0.3695792468550516 0.010601100816099789
0.3665490053398124 0.010570026034657289
0.36352403224133745 0.010537945984246105
0.3605044469803854 0.010504877303084076
0.35749036876501195 0.010470838121467003
0.35448191658586414 0.010435848023057073
0.3514792092114827 0.010399928001624868
0.3484823651836131 0.010363100413348545
0.3454915028125263 0.01032538892478702
0.3425067401723477 0.010286818456657503
0.3395281950963953 0.01024741512356082
0.3365559851725288 0.01020720616981089
0.3335902277385068 0.01016621990153674
0.3306310398773543 0.010124485615237516
0.3276785384127415 0.010082033522982517
0.3247328399043705 0.01003889467445892
0.3217940606433747 0.009995100876080378
0.31886231664772713 0.009950684607379533
0.31593772365766104 0.009905678934916591
0.31302039713109986 0.009860117423944714
0.3101104522390995 0.009814034048080796
0.30720800386130176 0.009767463097237607
0.30431316658139873 0.009720439084079612
0.30142605468260975 0.009672996649270484
0.29854678214316865 0.009625170465785732
0.29567546263182554 0.009576995142567482
0.29281220950335796 0.00952850512780266
0.2899571357940969 0.009479734612107837
0.28711035421746367 0.009430717431906181
0.28427197715952046 0.009381486973283117
0.28144211667453367 0.009332076076607087
0.27862088448054934 0.009282516942201646
0.27580839195498397 0.009232841037353381
0.2730047501302266 0.009183079004938107
0.2702100696892561 0.009133260573944382
0.2674244609612708 0.009083414472169827
0.2646480339173337 0.009033568341360777
0.26188089816603033 0.008983748655060306
0.2591231629491423 0.008933980639423363
0.2563749371373337 0.008884288197250748
0.25363632922585433 0.008834693835485543
0.2509074473302546 0.008785218596407377
0.24818839918211966 0.00873588199275033
0.24547929212481434 0.008686701946960328
0.2427802331092468 0.0086376947347973
0.24009132868964522 0.00858887493347597
0.2374126850193521 0.008540255374527314
0.23474440784663286 0.00849184710155004
0.2320866025105015 0.00844365933300862
0.2294393739365621 0.008395699430220796
0.22680282663286544 0.008347972870663125
0.2241770646857849 0.008300483226709291
0.2215621917559062 0.008253232149900357
0.21895831107393482 0.008206219360831338
0.2163655254366219 0.008159442644722781
0.2137839372027046 0.008112897852730306
0.21121364828886624 0.008066578909028723
0.20865476016571205 0.008020477823691604
0.20610737385376354 0.007974584711370296
0.20357158991947033 0.007928887815760175
0.20104750847124075 0.007883373539825494
0.19853522915548782 0.007838026481737162
0.19603485115269748 0.007792829476462183
0.19354647317351192 0.007747763642926045
0.1910701934548329 0.007702808436653883
0.18860610975594383 0.007657941707779942
0.18615431935464977 0.007613139764298794
0.18371491904343773 0.007568377440416461
0.18128800512565513 0.007523628169844298
0.1788736734117078 0.007478864063863472
0.176472019215278 0.007434055993973482
0.1740831373495607 0.007389173678924216
0.1717071221235218 0.007344185775917217
0.1693440673381741 0.007299059975749178
0.16699406628287417 0.00725376310165784
0.16465721173164005 0.007208261211619049
0.16233359593948782 0.0071625197038320924
0.16002331063879038 0.00711650342512034
0.15772644703565564 0.007070176781963774
0.15544309580632587 0.0070235038538718
0.15317334709359764 0.006976448508795427
0.15091729050326375 0.006928974520271067
0.14867501510057546 0.006881045685981245
0.14644660940672627 0.006832625947411549
0.14423216139535733 0.006783679510278202
0.14203175848908445 0.006734170965396658
0.13984548755604653 0.006684065409657849
0.13767343490647665 0.006633328566777119
0.13551568628929433 0.006581926907478624
0.13337232688872014 0.006529827768778015
0.13124344132091315 0.0064769994720264255
0.1291291136306305 0.006423411439380005
0.1270294272879089 0.006369034308361596
0.1249444651847702 0.006313840044184506
0.12287430963194801 0.006257802049511856
0.120819042355639 0.006200895271330741
0.11877874449427606 0.006143096304625738
0.11675349659532519 0.0060843834925433556
0.11474337861210548 0.006024737022746718
0.11274846990063314 0.005964139019668205
0.11076884921648833 0.005902573632377111
0.108804594711706 0.0058400271177896975
0.1068557839316906 0.005776487918959873
0.1049224938121548 0.005711946738200515
0.10300480067608231 0.0056463966047978105
0.1011027802307145 0.005579832937094354
0.09921650756456168 0.005512253598730354
0.09734605714443911 0.005443658948846998
0.09549150281252627 0.005374051886070724
0.09365291778345308 0.005303437886113452
0.09183037464140797 0.005231825032838897
0.09002394533727376 0.005159224042663095
0.08823370118578633 0.0050856482821728145
0.08645971286271903 0.0050111137788642745
0.08470205040209366 0.0049356392249215965
0.08296078319341449 0.004859245973972614
0.08123597997892917 0.004781958030778242
0.07952770885091542 0.004703802033829971
0.07783603724899257 0.004624807230848538
0.07616103195745849 0.004545005447195925
0.07450275910265414 0.004464431047231557
0.07286128415035242 0.004383120888662159
0.07123667190317395 0.004301114269953832
0.06962898649802818 0.004218452870893299
0.06803829140358242 0.004135180686404064
0.06646464941775498 0.004051343953741151
0.06490812266523716 0.003966991073206624
0.06336877259504003 0.003882172522545261
0.061846659978068264 0.0037969407651977597
0.06034184490472194 0.003711350152605517
0.058854386782523416 0.0036254568207773168
0.057384344333772486 0.0035393185813451912
0.05593177559322782 0.00345299480735106
0.054496737905816106 0.0033665463140219055
0.05307928792436811 0.0032800352348045705
0.051679481607382005 0.0031935248929455496
0.05029737421681446 0.003107079668913898
0.048933020315898634 0.003020764863977515
0.04758647376699032 0.0029346465602548095
0.04625778772944156 0.0028487914775740314
0.04494701465750217 0.0027632668274827485
0.043654206298248566 0.0026781401647585183
0.042379413689541234 0.0025934792367802786
0.041122687158009485 0.002509351831126795
0.03988407631706481 0.0024258256217748976
0.038663630064942556 0.00234296801427552
0.037461396582771034 0.0022608459902896437
0.03627742333266937 0.0021795259518698545
0.035111757055874326 0.0020990735658753985
0.03396444377089458 0.0020195536089096765
0.032835528771693934 0.0019410298131700343
0.03172505662590386 0.0018635647135983278
0.03063307117306291 0.001787219496719312
0.029559615522887217 0.0017120538515514464
0.02850473205356774 0.0016381258229702022
0.027468462410097594 0.0015654916679001159
0.02645084750262794 0.0014942057147052865
0.02545192750485281 0.0014243202261418706
0.02447174185242318 0.001355885266228307
0.023510329241390626 0.0012889485713799692
0.02256772762667847 0.0012235554261460111
0.021643974220584727 0.001159748543875576
0.02073910549131197 0.0010975679526286511
0.019853157161528467 0.0010370508866356341
0.01898616420695709 0.0009782316835958548
0.01813816085499509 0.0009211416880919709
0.01730918058336306 0.0008658091613827383
0.016499256118782446 0.000812259197820785
0.015708419435684462 0.0007605136481271986
0.014936701754947102 0.0007105910497369225
0.014184133542663013 0.0006625065644130235
0.013450744508936685 0.0006162719233094691
0.012736563606711382 0.0005718953796439372
0.012041619030626283 0.0005293816691241686
0.01136593821590326 0.0004887319782514595
0.010709547837263966 0.00044994392060619193
0.01007247380787657 0.0004130115212001811
0.009454741278333012 0.0003779252089611508
0.008856374635655695 0.0003446718173936497
0.008277397502335138 0.0003132345934413927
0.007717832735397279 0.00028359321455512926
0.007177702425500976 0.00025572381394923637
0.006657027896066037 0.00022959901401074833
0.006155829702431115 0.00020518796780363315
0.005674127631043024 0.00018245640859038906
0.005211940698674589 0.0001613667072739586
0.004769287151674462 0.0001418779376422463
0.004346184465246816 0.00012394594927831685
0.0039426493427611176 0.00010752344797954711
0.0035586977150932064 9.256008351147746e-05
0.0031943447399958025 7.900254450125713e-05
0.002849604801500538 6.679466025988757e-05
0.0025244915093498577 5.5877509303793116e-05
0.002219017698460002 4.618953432935667e-05
0.0019331954284137476 3.7666663378056265e-05
0.0016670359829851211 3.0242436913730008e-05
0.0014205498696930885 2.3848140519637517e-05
0.0011937468193874423 1.8412942906513487e-05
0.0009866357858642205 1.3864038912211928e-05
0.0007992249455124334 1.0126797158146409e-05
0.0006315216969912107 7.124912018734251e-06
0.0004835326609375912 4.780559545371102e-06
0.00035526367970539763 3.014556980634976e-06
0.0002467198171342 1.7465254867977996e-06
0.00015790535835003006 8.950557024532809e-07
8.882380959551739e-05 3.7787574251173803e-07
3.947789809188862e-05 1.1202123667024733e-07
9.869571931497845e-06 1.4007010577994118e-08
0 0


1.0 0.0
0.9999901304280685 1.0438039825664324e-06
0.9999605221019081 4.174671198328205e-06
0.9999111761904045 9.390969049203308e-06
0.99984209464165 1.6689981858767853e-05
0.9997532801828658 2.606791883610293e-05
0.9996447363202946 3.751992519116032e-05
0.9995164673390624 5.104009636799927e-05
0.9993684783030088 6.662149535282423e-05
0.9992007750544876 8.425617300401506e-05
0.9990133642141358 0.00010393519134266025
0.9988062531806126 0.0001256486497326813
0.9985794501303069 0.0001493857138711252
0.9983329640170149 0.00017513464750049665
0.9980668045715863 0.00020288284674672882
0.99778098230154 0.0002326168769785031
0.9974755084906501 0.0002643225120756492
0.9971503951984995 0.0002979847759874592
0.9968056552600042 0.00033358798645412134
0.9964413022849068 0.0003711158007584967
0.996057350657239 0.0004105512633686645
0.9956538155347533 0.00045187685532628943
0.9952307128483255 0.0004950745452299738
0.9947880593013254 0.0005401258416584304
0.994325872368957 0.0005870118468732797
0.9938441702975689 0.0006357133116375137
0.993342972103934 0.0006862106909821512
0.992822297574499 0.0007384842007504594
0.9922821672646027 0.0007925138747469185
0.9917226024976649 0.0008482796223155229
0.9911436253643444 0.0009057612861711759
0.990545258721667 0.0009649387003066041
0.9899275261921234 0.0010257917477967178
0.989290452162736 0.0010883004183229563
0.9886340617840967 0.0011524448652400002
0.9879583809693737 0.0012182054620092002
0.9872634363932886 0.0012855628578241581
0.9865492554910633 0.0013544980322564566
0.985815866457337 0.0014249923487520439
0.9850632982450529 0.0014970276068121597
0.9842915805643155 0.0015705860926962805
0.9835007438812176 0.001645650628488876
0.9826908194166369 0.0017222046193763765
0.9818618391450049 0.001800232098985865
0.9810138357930429 0.0018797177726427997
0.9801468428384715 0.001960647058410672
0.9792608945086879 0.0020430061257825016
0.9783560257794153 0.0021267819319002444
0.9774322723733215 0.00221196225518597
0.9764896707586095 0.0022985357262757244
0.9755282581475768 0.002386491856155221
0.9745480724951473 0.0024758210614044007
0.9735491524973722 0.0025665146864665743
0.9725315375899024 0.0026585650228664096
0.9714952679464323 0.0027519653253099932
0.9704403844771128 0.0028467098246094933
0.9693669288269371 0.002942793737384011
0.9682749433740961 0.003040213272497916
0.9671644712283061 0.003138965634207396
0.9660355562291054 0.003239049021995834
0.9648882429441257 0.0033404626270879777
0.9637225766673307 0.0034432066256432953
0.962538603417229 0.003547282168638045
0.9613363699350574 0.003652691368455682
0.9601159236829352 0.003759437282215233
0.9588773128419905 0.003867523891876153
0.9576205863104588 0.003976956081168509
0.9563457937017514 0.004087739609406341
0.9550529853424978 0.004199881082251233
0.9537422122705584 0.004313387919502399
0.9524135262330098 0.004428268319998331
0.9510669796841014 0.004544531223723588
0.9497026257831855 0.004662186271222585
0.948320518392618 0.004781243760430577
0.9469207120756319 0.0049017146010392094
0.9455032620941839 0.005023610266521852
0.9440682244067723 0.005146942743950711
0.9426156556662276 0.0052717244817443686
0.9411456132174767 0.005397968335490502
0.9396581550952781 0.005525687511994628
0.9381533400219317 0.00565489551171065
0.9366312274049601 0.00578560606971436
0.9350918773347628 0.0059178330953849854
0.933535350582245 0.0060515906109641715
0.9319617085964176 0.006186892689165108
0.9303710135019718 0.006323753390007429
0.9287633280968262 0.006462186697056053
0.9271387158496476 0.006602206453243788
0.925497240897346 0.00674382629645924
0.9238389680425416 0.006887059595082207
0.9221639627510075 0.007031919383648968
0.9204722911490846 0.007178418298829934
0.9187640200210709 0.007326568515901072
0.9170392168065856 0.007476381685889422
0.9152979495979063 0.007627868873571038
0.9135402871372809 0.00778104049649754
0.9117662988142137 0.007935906265224347
0.9099760546627261 0.008092475124910513
0.908169625358592 0.008250755198455997
0.9063470822165469 0.008410753731338065
0.9045084971874737 0.008572477038303317
0.9026539428555609 0.008735930452067131
0.9007834924354383 0.008901118274165667
0.8988972197692855 0.009068043728100458
0.8969951993239177 0.009236708914907915
0.8950775061878452 0.009407114771280072
0.8931442160683094 0.009579261030354811
0.891195405288294 0.00975314618528645
0.8892311507835118 0.009928767455699483
0.8872515300993669 0.010106120757119879
0.8852566213878946 0.010285200673469526
0.8832465034046749 0.010466000432701135
0.8812212555057239 0.010648511885640926
0.879180957644361 0.010832725488097885
0.8771256903680519 0.01101863028628849
0.8750555348152298 0.011206213905616148
0.8729705727120911 0.011395462542835234
0.8708708863693696 0.011586360961619151
0.868756558679087 0.011778892491542533
0.8666276731112801 0.011973039030477422
0.8644843137107058 0.012168781050393493
0.8623265650935233 0.012366097606542286
0.8601545124439535 0.012564966349995946
0.8579682415109156 0.012765363543500748
0.8557678386046428 0.012967264080596399
0.8535533905932737 0.013170641507942503
0.8513249848994247 0.013375468050784017
0.8490827094967364 0.013581714641479073
0.8468266529064025 0.013789350951002612
0.8445569041936742 0.013998345423331721
0.8422735529643444 0.014208665312609416
0.8399766893612096 0.014420276722975961
0.8376664040605122 0.01463314465094892
0.83534278826836 0.014847233030225856
0.8330059337171258 0.015062504778776561
0.8306559326618259 0.015278921848085112
0.8282928778764782 0.01549644527439574
0.8259168626504394 0.015715035231811076
0.8235279807847222 0.015934651087085607
0.8211263265882922 0.01615525145595268
0.8187119948743449 0.016376794260818908
0.8162850809565623 0.01659923678965599
0.8138456806453502 0.016822535755916673
0.8113938902440563 0.017046647359298516
0.8089298065451672 0.017271527347177417
0.8064535268264883 0.017497131076530215
0.8039651488473027 0.017723413576165296
0.8014647708445124 0.017950329609078962
0.7989524915287595 0.01817783373475533
0.7964284100805297 0.01840588037122796
0.7938926261462366 0.018634423856722378
0.7913452398342881 0.018863418510700048
0.7887863517111338 0.0190928186941267
0.7862160627972955 0.019322578868790023
0.7836344745633783 0.0195526536554954
0.7810416889260653 0.019782997890971484
0.778437808244094 0.020013566683321868
0.7758229353142152 0.020244315465863784
0.7731971733671346 0.020475200049199505
0.7705606260634379 0.020706176671372086
0.7679133974894983 0.020937202045963055
0.765255592153367 0.021168233407996014
0.7625873149806479 0.02139922855751696
0.7599086713103547 0.021630145900729796
0.7572197668907532 0.02186094448857256
0.7545207078751857 0.02209158405262861
0.7518116008178805 0.022322025038274663
0.7490925526697454 0.02255222863497675
0.7463636707741458 0.0227821568036538
0.7436250628626662 0.023011772301037948
0.7408768370508576 0.023241038700969618
0.7381191018339696 0.023469920412575757
0.7353519660826664 0.023698382695288657
0.7325755390387292 0.023926391670673144
0.729789930310744 0.024153914331039587
0.7269952498697734 0.024380918544830876
0.7241916080450163 0.024607373058780736
0.7213791155194509 0.024833247496851927
0.7185578833254664 0.025058512355972132
0.7157280228404795 0.025283138998596064
0.7128896457825363 0.02550709964213222
0.7100428642059032 0.025730367345282272
0.7071877904966422 0.025952915991351546
0.7043245373681746 0.02617472026859803
0.7014532178568313 0.026395755647697288
0.6985739453173903 0.0266159983564096
0.6956868334186013 0.026835425351544765
0.6927919961386984 0.027054014288328706
0.6898895477609006 0.0272717434872842
0.6869796028689001 0.027488591898746605
0.6840622763423391 0.027704539065142617
0.6811376833522729 0.027919565081167965
0.6782059393566253 0.028133650552006274
0.6752671600956295 0.028346776549738602
0.6723214615872585 0.02855892456809868
0.6693689601226458 0.028770076475734506
0.6664097722614933 0.02898021446814262
0.6634440148274712 0.029189321018445232
0.6604718049036047 0.02939737882718529
0.6574932598276524 0.029604370771317657
0.6545084971874737 0.02981027985257781
0.651517634816387 0.030015089145411993
0.6485207907885174 0.030218781744654838
0.6455180834141359 0.030421340713141613
0.642509631234988 0.03062274902944328
0.6394955530196147 0.030822989535912896
0.6364759677586627 0.031022044887231225
0.6334509946601878 0.031219897499638927
0.6304207531449485 0.03141652950104105
0.6273853628416911 0.03161192268216742
0.6243449435824275 0.03180605844897012
0.6212996153977037 0.031998917776436035
0.6182494985118624 0.03219048116398844
0.6151947133382953 0.03238072859264795
0.6121353804746905 0.03256963948411758
0.6090716206982714 0.03275719266195205
0.6060035549610274 0.03294336631496538
0.6029313043849407 0.03312813796302403
0.5998549902572035 0.03331148442536706
0.5967747340254301 0.033493381791586785
0.5936906572928624 0.03367380539539568
0.5906028818135687 0.03385272979129798
0.5875115294876381 0.03403012873427473
0.5844167223563669 0.03420597516258379
0.5813185825974418 0.034380241183765266
0.5782172325201155 0.034552898063935085
0.5751127945603786 0.03472391622043842
0.572005391276126 0.03489326521792524
0.568895145342319 0.035060913767899805
0.5657821795461413 0.03522682973178565
0.5626666167821521 0.03539098012753636
0.5595485800474349 0.03555333113981268
0.5564281924367408 0.03571384813373458
0.5533055771376301 0.03587249567220661
0.5501808574256075 0.0360292375368036
0.5470541566592573 0.03618403675219278
0.5439255982753717 0.03633685561405752
0.5407953057840789 0.03648765572047666
0.5376634027639664 0.03663639800670296
0.534530012857203 0.0367830427832731
0.5313952597646567 0.03692754977737127
0.5282592672410122 0.03706987817735782
0.5251221590898848 0.03720998668036468
0.5219840591589324 0.03734783354284855
0.5188450913349674 0.03748337663398412
0.5157053795390643 0.037616573491769376
0.5125650477216688 0.03774738138170653
0.5094242198577041 0.03787575735791343
0.5062830199416763 0.0380016583265116
0.5031415719827795 0.03812504111112978
0.5 0.038245862520353814
0.4968584280172206 0.038364079416947354
0.49371698005832365 0.0384796487886609
0.49057578014229597 0.03859252782044075
0.48743495227833133 0.03870267396784452
0.48429462046093585 0.03881004503146395
0.48115490866503274 0.03891459923215258
0.4780159408410676 0.03901629528685105
0.4748778409101153 0.039115092484800176
0.47174073275898776 0.03921095076392917
0.46860474023534326 0.039303830787204244
0.4654699871427971 0.03939369401872188
0.4623365972360337 0.03948050279932977
0.45920469421592125 0.039564220421558535
0.45607440172462843 0.039644811203648024
0.45294584334074284 0.03972224056245288
0.4498191425743925 0.03979647508501367
0.44669442286237004 0.03986748259858266
0.4435718075632592 0.03993523223889637
0.4404514199525651 0.039999694516489846
0.43733338321784787 0.04006084138085297
0.4342178204538588 0.040118646282233154
0.431104854657681 0.04017308423089451
0.42799460872387385 0.04022413185364953
0.42488720543962144 0.04027176744748575
0.4217827674798845 0.040315971030117304
0.41868141740255815 0.040356724387298426
0.415583277643633 0.040394011116744455
0.4124884705123619 0.040427816668514374
0.4093971181864312 0.04045812838171797
0.4063093427071376 0.04048493551742015
0.40322526597456987 0.04050822928762512
0.40014500974279654 0.040528002880233
0.39706869561505953 0.04054425147987264
0.3939964450389728 0.04055697228452474
0.39092837930172886 0.0405661645178614
0.3878646195253095 0.04057182943723895
0.3848052866617049 0.040573970337293555
0.38175050148813783 0.040572592549100096
0.3787003846022964 0.04056770343486801
0.3756550564175727 0.0405593123781592
0.372614637158309 0.040547430769625775
0.3695792468550516 0.040532071988278136
0.3665490053398124 0.040513251378305866
0.36352403224133745 0.04049098622148672
0.3605044469803854 0.040465295705231226
0.35749036876501195 0.04043620088632273
0.35448191658586414 0.04040372465042537
0.3514792092114827 0.040367891667443666
0.3484823651836131 0.04032872834283025
0.3454915028125263 0.04028626276494932
0.3425067401723477 0.04024052464861513
0.3395281950963953 0.04019154527493559
0.3365559851725288 0.0401393574276026
0.3335902277385068 0.040083995325780226
0.3306310398773543 0.04002549455375272
0.3276785384127415 0.039963891987503795
0.3247328399043705 0.03989922571840763
0.3217940606433747 0.03983153497422109
0.31886231664772713 0.03976086003757482
0.31593772365766104 0.03968724216216867
0.31302039713109986 0.0396107234868841
0.3101104522390995 0.03953134694803278
0.30720800386130176 0.03944915618996682
0.30431316658139873 0.03936419547428157
0.30142605468260975 0.03927650958784634
0.29854678214316865 0.03918614374990323
0.29567546263182554 0.039093143518477105
0.29281220950335796 0.03899755469634347
0.2899571357940969 0.03889942323680217
0.28711035421746367 0.038798795149507265
0.28427197715952046 0.03869571640660385
0.28144211667453367 0.038590232849422625
0.27862088448054934 0.03848239009598263
0.27580839195498397 0.038372233449551325
0.2730047501302266 0.03825980780850912
0.2702100696892561 0.038145157577762635
0.2674244609612708 0.03802832658194802
0.2646480339173337 0.03790935798066126
0.26188089816603033 0.03778829418594783
0.2591231629491423 0.03766517678227859
0.2563749371373337 0.037540046449233
0.25363632922585433 0.03741294288710353
0.2509074473302546 0.03728390474562872
0.24818839918211966 0.03715296955605348
0.24547929212481434 0.03702017366670745
0.2427802331092468 0.03688555218228269
0.24009132868964522 0.036749138906982996
0.2374126850193521 0.03661096629170629
0.23474440784663286 0.03647106538541164
0.2320866025105015 0.03632946579081084
0.2294393739365621 0.03618619562451366
0.22680282663286544 0.03604128148174309
0.2241770646857849 0.035894748405725846
0.2215621917559062 0.035746619861849654
0.21895831107393482 0.035596917716666676
0.2163655254366219 0.03544566222180918
0.2137839372027046 0.035292872002869964
0.21121364828886624 0.03513856405328673
0.20865476016571205 0.03498275373325557
0.20610737385376354 0.03482545477368529
0.20357158991947033 0.034666679285189926
0.20104750847124075 0.03450643777210327
0.19853522915548782 0.034344739151484616
0.19603485115269748 0.03418159077707201
0.19354647317351192 0.034016998468124074
0.1910701934548329 0.033850966543078946
0.18860610975594383 0.03368349785794454
0.18615431935464977 0.03351459384932109
0.18371491904343773 0.033344254581943705
0.18128800512565513 0.03317247880062
0.1788736734117078 0.03299926398642458
0.176472019215278 0.03282460641700072
0.1740831373495607 0.03264850123080677
0.1717071221235218 0.03247094249513398
0.1693440673381741 0.03229192327771096
0.16699406628287417 0.03211143572169929
0.16465721173164005 0.031929471123875224
0.16233359593948782 0.03174602001578199
0.16002331063879038 0.03156107224762911
0.15772644703565564 0.03137461707470563
0.15544309580632587 0.031186643246067486
0.15317334709359764 0.030997139095250887
0.15091729050326375 0.03080609263275792
0.14867501510057546 0.03061349164005431
0.14644660940672627 0.030419323764813894
0.14423216139535733 0.030223576617140334
0.14203175848908445 0.030026237866492677
0.13984548755604653 0.02982729533903794
0.13767343490647665 0.02962673711515251
0.13551568628929433 0.029424551626791653
0.13337232688872014 0.02922072775444639
0.13124344132091315 0.029015254923406744
0.1291291136306305 0.028808123199051117
0.1270294272879089 0.02859932338088305
0.1249444651847702 0.028388847095039492
0.12287430963194801 0.02817668688499667
0.120819042355639 0.0279628363002049
0.11877874449427606 0.02774728998238711
0.11675349659532519 0.02753004374924172
0.11474337861210548 0.027311094675296625
0.11274846990063314 0.02709044116966758
0.11076884921648833 0.026868083050481894
0.108804594711706 0.026644021615736275
0.1068557839316906 0.026418259710367046
0.1049224938121548 0.026190801789319543
0.10300480067608231 0.025961653976414336
0.1011027802307145 0.025730824118818066
0.09921650756456168 0.025498321836938134
0.09734605714443911 0.025264158569572148
0.09549150281252627 0.025028347614155105
0.09365291778345308 0.024790904161960454
0.09183037464140797 0.02455184532812345
0.09002394533727376 0.02431119017637006
0.08823370118578633 0.024068959738346912
0.08645971286271903 0.023825177027463704
0.08470205040209366 0.023579867047172784
0.08296078319341449 0.02333305679362577
0.08123597997892917 0.023084775252662414
0.07952770885091542 0.022835053391101527
0.07783603724899257 0.022583924142319342
0.07616103195745849 0.02233142238611599
0.07450275910265414 0.022077584922886525
0.07286128415035242 0.021822450442127755
0.07123667190317395 0.02156605948532805
0.06962898649802818 0.021308454403302337
0.06803829140358242 0.021049679308050285
0.06646464941775498 0.020789780019229483
0.06490812266523716 0.020528804005352088
0.06336877259504003 0.020266800319826108
0.061846659978068264 0.020003819531978363
0.06034184490472194 0.019739913653209613
0.058854386782523416 0.019475136058445416
0.057384344333772486 0.019209541403060946
0.05593177559322782 0.01894318553546921
0.054496737905816106 0.01867612540557607
0.05307928792436811 0.018408418969316016
0.051679481607382005 0.018140125089494714
0.05029737421681446 0.01787130343317512
0.048933020315898634 0.017602014365853652
0.04758647376699032 0.01733231884268313
0.04625778772944156 0.017062278297007433
0.04494701465750217 0.016791954526481623
0.043654206298248566 0.016521409577058267
0.042379413689541234 0.016250705625128016
0.041122687158009485 0.015979904858108185
0.03988407631706481 0.01570906935377851
0.038663630064942556 0.015438260958667922
0.037461396582771034 0.015167541165799369
0.03627742333266937 0.014896970992103483
0.035111757055874326 0.01462661085581345
0.03396444377089458 0.014356520454154519
0.032835528771693934 0.014086758641642867
0.03172505662590386 0.013817383309307573
0.03063307117306291 0.013548451265147992
0.029559615522887217 0.013280018116138147
0.02850473205356774 0.013012138152085021
0.027468462410097594 0.01274486423164579
0.02645084750262794 0.012478247670803307
0.02545192750485281 0.012212338134094631
0.02447174185242318 0.011947183528881028
0.023510329241390626 0.011682829902941307
0.02256772762667847 0.011419321345662037
0.021643974220584727 0.011156699893091615
0.02073910549131197 0.010895005437113721
0.019853157161528467 0.010634275638988475
0.01898616420695709 0.010374545847496986
0.01813816085499509 0.010115849021916009
0.01730918058336306 0.009858215660036251
0.016499256118782446 0.009601673731426069
0.015708419435684462 0.00934624861613048
0.014936701754947102 0.009091963048980405
0.014184133542663013 0.008838837069675018
0.013450744508936685 0.008586887978784562
0.012736563606711382 0.008336130299807017
0.012041619030626283 0.008086575747396975
0.01136593821590326 0.007838233201869401
0.010709547837263966 0.007591108690065764
0.01007247380787657 0.007345205372653612
0.009454741278333012 0.007100523537915194
0.008856374635655695 0.006857060602063635
0.008277397502335138 0.006614811116109817
0.007717832735397279 0.006373766779285597
0.007177702425500976 0.00613391645901295
0.006657027896066037 0.005895246217392336
0.006155829702431115 0.005657739344166458
0.005674127631043024 0.005421376396100199
0.005211940698674589 0.0051861352426993655
0.004769287151674462 0.0049519911181774845
0.004346184465246816 0.004718916679561669
0.0039426493427611176 0.004486882070813844
0.0035586977150932064 0.0042558549928289925
0.0031943447399958025 0.004025800779155358
0.002849604801500538 0.003796682477269207
0.0025244915093498577 0.0035684609352204166
0.002219017698460002 0.003341094893453143
0.0019331954284137476 0.003114541081590967
0.0016670359829851211 0.0028887543199656953
0.0014205498696930885 0.0026636876256530525
0.0011937468193874423 0.002439292322771694
0.0009866357858642205 0.0022155181567863756
0.0007992249455124334 0.001992313412549551
0.0006315216969912107 0.001769625035803783
0.0004835326609375912 0.001547398757859367
0.00035526367970539763 0.0013255792231539974
0.0002467198171342 0.0011041101193917044
0.00015790535835003006 0.0008829343099560809
8.882380959551739e-05 0.0006619939682796754
3.947789809188862e-05 0.00044123071385548414
9.869571931497845e-06 0.00022058574956697658
0.0 -0.0
9.869571931497845e-06 -0.0002205577355458206
3.947789809188862e-05 -0.00044100667138214365
8.882380959551739e-05 -0.000661238216794652
0.00015790535835003006 -0.0008811441985511744
0.00024671981713408897 -0.0011006170684181088
0.00035526367970550865 -0.0013195501091927274
0.0004835326609375912 -0.0015378376387686248
0.0006315216969912107 -0.0017553752117663145
0.0007992249455124334 -0.001972059818233258
0.0009866357858641095 -0.0021877900789619518
0.0011937468193874423 -0.002402466436958667
0.0014205498696930885 -0.0026159913446137774
0.0016670359829851211 -0.0028282694461382353
0.0019331954284136366 -0.0030392077548348543
0.002219017698460002 -0.0032487158247944295
0.0025244915093498577 -0.0034567059166128304
0.002849604801500538 -0.0036630931567494317
0.0031943447399958025 -0.0038677956901528436
0.0035586977150932064 -0.004070734825806038
0.0039426493427610065 -0.0042718351748547495
0.004346184465246594 -0.0044710247810050355
0.004769287151674462 -0.004668235242892992
0.005211940698674589 -0.004863401828151448
0.005674127631043024 -0.005056463578919421
0.006155829702431115 -0.005247363408559191
0.006657027896066037 -0.005436048189370839
0.007177702425500865 -0.005622468831114477
0.007717832735397279 -0.005806580350175339
0.008277397502335138 -0.005988341929227032
0.008856374635655584 -0.006167716967276336
0.009454741278333012 -0.006344673119992893
0.01007247380787657 -0.006519182330253249
0.010709547837263855 -0.00669122084885338
0.01136593821590326 -0.006860769245366482
0.012041619030626283 -0.007027812409148637
0.012736563606711382 -0.007192339540519142
0.013450744508936685 -0.007354344132165624
0.014184133542663124 -0.007513823940848971
0.014936701754947102 -0.00767078094950656
0.015708419435684462 -0.007825221319876082
0.016499256118782446 -0.007977155335784499
0.01730918058336295 -0.008126597337270775
0.01813816085499509 -0.008273565645732067
0.01898616420695709 -0.008418082480305277
0.01985315716152858 -0.008560173865717207
0.02073910549131197 -0.008699869531856419
0.021643974220584727 -0.008837202805340463
0.02256772762667847 -0.008972210493370015
0.023510329241390515 -0.009104932760181369
0.02447174185242318 -0.009235412996424414
0.02545192750485281 -0.00936369768181089
0.026450847502627717 -0.009489836241392734
0.027468462410097594 -0.009613880895845557
0.02850473205356785 -0.009735886506144617
0.029559615522887217 -0.009855910413035254
0.03063307117306291 -0.009974012271709368
0.03172505662590375 -0.010090253882110918
0.032835528771693934 -0.010204699015302798
0.03396444377089458 -0.010317413236335166
0.035111757055874326 -0.010428463724062653
0.03627742333266948 -0.010537919088363774
0.037461396582771034 -0.010645849185220081
0.038663630064942556 -0.010752324930116882
0.0398840763170647 -0.010857418110228714
0.04112268715800926 -0.010961201195854595
0.04237941368954101 -0.011063747151567459
0.043654206298248344 -0.01116512924754123
0.04494701465750195 -0.011265420871516127
0.046257787729441446 -0.01136469534185937
0.04758647376699021 -0.011463025722173512
0.048933020315898634 -0.011560484637898622
0.05029737421681446 -0.011657144095347323
0.051679481607382005 -0.011753075303603614
0.053079287924368 -0.011848348499706875
0.054496737905815884 -0.01194303277753226
0.055931775593227595 -0.012037195920767088
0.057384344333772264 -0.012130904240370563
0.058854386782523305 -0.012224222416890782
0.06034184490472172 -0.012317213347998578
0.061846659978068264 -0.012409938001582844
0.06336877259503981 -0.012502455274735586
0.06490812266523704 -0.01259482185893884
0.06646464941775498 -0.012687092111747181
0.0680382914035822 -0.012779317935242156
0.06962898649802796 -0.01287154866151574
0.07123667190317384 -0.012963830945420387
0.0728612841503522 -0.013056208664803436
0.07450275910265391 -0.013148722828423411
0.07616103195745838 -0.01324141149172414
0.07783603724899235 -0.013334309680622266
0.07952770885091542 -0.013427449323441585
0.08123597997892906 -0.01352085919110593
0.08296078319341427 -0.013614564845680542
0.08470205040209366 -0.013708588597329591
0.08645971286271892 -0.013802949469735155
0.0882337011857861 -0.013897663174001283
0.09002394533727376 -0.013992742091043871
0.09183037464140797 -0.014088195262445657
0.09365291778345286 -0.01418402838973355
0.09549150281252627 -0.014280243842013656
0.09734605714443889 -0.014376840671878152
0.09921650756456168 -0.014473814639477426
0.10110278023071428 -0.014571158244629357
0.1030048006760822 -0.014668860766818715
0.10492249381215468 -0.014766908312918513
0.1068557839316906 -0.0148652838724473
0.10880459471170578 -0.01496396738015688
0.11076884921648822 -0.015062935785727672
0.11274846990063292 -0.015162163130331169
0.11474337861210548 -0.015261620629803189
0.11675349659532497 -0.01536127676415501
0.11877874449427583 -0.015461097373135635
0.120819042355639 -0.015561045757543418
0.12287430963194801 -0.015661082785972957
0.1249444651847702 -0.01576116700667048
0.1270294272879089 -0.01586125476415986
0.1291291136306303 -0.015961300320291107
0.13124344132091315 -0.016061255979353893
0.13337232688871992 -0.01616107221689036
0.1355156862892941 -0.016260697811834406
0.13767343490647654 -0.01636007998159827
0.13984548755604642 -0.016459164519722243
0.14203175848908423 -0.01655789593569936
0.14423216139535722 -0.01665621759658393
0.14644660940672605 -0.016754071869990797
0.14867501510057535 -0.016851400268091822
0.15091729050326363 -0.016948143592215786
0.15317334709359764 -0.017044242077660032
0.15544309580632576 -0.017139635538323886
0.15772644703565541 -0.017234263510778083
0.16002331063879027 -0.017328065397388428
0.16233359593948782 -0.017420980608117802
0.16465721173163983 -0.017512948700637125
0.16699406628287417 -0.01760390951838361
0.1693440673381741 -0.017693803326212603
0.1717071221235218 -0.017782570943299544
0.1740831373495606 -0.01787015387295834
0.17647201921527778 -0.017956494429053754
0.17887367341170757 -0.018041535858697638
0.18128800512565535 -0.018125222460931404
0.18371491904343773 -0.018207499701110783
0.18615431935465 -0.0182883143207235
0.18860610975594372 -0.018367614442384658
0.19107019345483267 -0.01844534966977118
0.1935464731735117 -0.018521471182271983
0.19603485115269725 -0.018595931824147642
0.1985352291554876 -0.01866868618801029
0.20104750847124042 -0.018739690692452283
0.20357158991947055 -0.018808903653669575
0.20610737385376332 -0.018876285350944697
0.20865476016571205 -0.018941798085872364
0.21121364828886624 -0.019005406235229286
0.2137839372027044 -0.019067076297409353
0.2163655254366219 -0.019126776932363615
0.2189583110739346 -0.019184478995004
0.22156219175590608 -0.01924015556204894
0.2241770646857848 -0.019293781952307264
0.22680282663286544 -0.01934533574041684
0.2294393739365621 -0.01939479676407207
0.23208660251050173 -0.0194421471247936
0.23474440784663297 -0.019487371182311558
0.2374126850193523 -0.019530455542651665
0.24009132868964533 -0.019571389040031056
0.24278023310924657 -0.01961016271268809
0.24547929212481456 -0.019646769772786794
0.24818839918211943 -0.01968120557055282
0.25090744733025483 -0.019713467552813963
0.2536363292258541 -0.01974355521613244
0.25637493713733406 -0.019771470054731503
0.2591231629491424 -0.019797215503431866
0.26188089816603055 -0.019820796875827214
0.2646480339173338 -0.019842221297939704
0.2674244609612706 -0.019861497637608364
0.2702100696892562 -0.01987863642987387
0.2730047501302266 -0.019893649798632906
0.2758083919549841 -0.019906551374844563
0.2786208844805491 -0.019917356211579338
0.2814421166745338 -0.01992608069620845
0.2842719771595206 -0.01993274246003762
0.287110354217464 -0.019937360285694903
0.2899571357940969 -0.019939954012586497
0.29281220950335785 -0.019940544440738152
0.29567546263182565 -0.019939153233342142
0.29854678214316865 -0.019935802818331766
0.30142605468260975 -0.019930516289305374
0.30431316658139873 -0.019923317306122346
0.30720800386130187 -0.019914229995491604
0.31011045223909917 -0.019903278851871188
0.31302039713109964 -0.019890488638994674
0.3159377236576608 -0.01987588429233549
0.31886231664772713 -0.019859490822815754
0.32179406064337446 -0.01984133322206033
0.3247328399043705 -0.019821436369489787
0.3276785384127412 -0.01979982494153876
0.330631039877354 -0.019776523323277687
0.33359022773850655 -0.019751555522706746
0.3365559851725284 -0.01972494508798082
0.3395281950963951 -0.01969671502781395
0.34250674017234717 -0.01966688773530012
0.3454915028125263 -0.01963548491537528
0.34848236518361286 -0.019602527516133162
0.35147920921148246 -0.01956803566419393
0.3544819165858639 -0.019532028604311222
0.3574903687650115 -0.019494524643388723
0.3605044469803853 -0.019455541099063074
0.3635240322413371 -0.019415094252994508
0.36654900533981216 -0.019373199308991288
0.36957924685505117 -0.019329870356078558
0.3726146371583088 -0.019285120336605566
0.37565505641757246 -0.019238961019469907
0.37870038460229627 -0.019191402978520164
0.3817505014881375 -0.01914245557618237
0.3848052866617042 -0.01909212695233897
0.38786461952530926 -0.019040424018472342
0.3909283793017284 -0.018987352457068438
0.3939964450389726 -0.018932916726259557
0.3970686956150591 -0.018877120069669014
0.40014500974279654 -0.018819964531404044
0.40322526597456965 -0.018761450976127712
0.4063093427071376 -0.018701579114124452
0.4093971181864311 -0.01864034753125899
0.4124884705123619 -0.01857775372371276
0.415583277643633 -0.018513794137368058
0.41868141740255793 -0.0184484642116954
0.4217827674798844 -0.01838175842798605
0.4248872054396211 -0.018313670361758957
0.42799460872387396 -0.01824419273915779
0.4311048546576808 -0.01817331749714304
0.4342178204538587 -0.01810103584727155
0.43733338321784765 -0.01802733834284618
0.4404514199525651 -0.017952214949207488
0.4435718075632591 -0.017875655116930823
0.4466944228623697 -0.017797647857682935
0.4498191425743925 -0.017718181822485034
0.4529458433407425 -0.017637245382122132
0.4560744017246283 -0.017554826709432036
0.4592046942159209 -0.01747091386320264
0.4623365972360336 -0.017385494873401006
0.46546998714279697 -0.017298557827454913
0.4686047402353435 -0.0172100909573037
0.47174073275898754 -0.017120082726934726
0.47487784091011487 -0.017028521920119274
0.4780159408410676 -0.016935397728062827
0.4811549086650324 -0.01684069983668468
0.48429462046093574 -0.016744418513243268
0.487434952278331 -0.016646544692027053
0.49057578014229586 -0.01654707005883256
0.49371698005832365 -0.016445987133956962
0.4968584280172206 -0.01634328935343607
0.5 -0.016238971148265415
0.5031415719827792 -0.016133028021348087
0.5062830199416763 -0.016025456621920522
0.5094242198577039 -0.015916254817215446
0.5125650477216688 -0.015805421761129864
0.515705379539064 -0.015692957959675624
0.5188450913349674 -0.015578865333000003
0.5219840591589324 -0.015463147273774715
0.5251221590898849 -0.015345808701762791
0.5282592672410122 -0.0152268561143851
0.5313952597646565 -0.015106297633120143
0.5345300128572028 -0.014984143045584155
0.5376634027639662 -0.014860403843151756
0.5407953057840789 -0.014735093253990672
0.5439255982753715 -0.01460822627139922
0.5470541566592573 -0.014479819677348132
0.5501808574256073 -0.01434989206114471
0.5533055771376301 -0.014218463833150648
0.5564281924367407 -0.014085557233501324
0.5595485800474347 -0.013951196335788254
0.5626666167821521 -0.01381540704568312
0.5657821795461411 -0.013678217094496058
0.568895145342319 -0.01353965602767675
0.572005391276126 -0.013399755188282257
0.5751127945603787 -0.013258547695450597
0.5782172325201154 -0.01311606841793407
0.5813185825974418 -0.012972353942761604
0.584416722356367 -0.012827442539113675
0.5875115294876379 -0.012681374117508108
0.5906028818135687 -0.012534190184408716
0.5936906572928622 -0.012385933792383213
0.5967747340254301 -0.012236649485949136
0.5998549902572035 -0.012086383243260515
0.6029313043849407 -0.011935182413799449
0.6060035549610272 -0.01178309565224957
0.6090716206982714 -0.011630172848738836
0.6121353804746905 -0.01147646505565079
0.6151947133382956 -0.011322024411212536
0.6182494985118623 -0.011166904060078538
0.6212996153977035 -0.011011158071136586
0.6243449435824275 -0.010854841352772008
0.627385362841691 -0.010698009565832632
0.6304207531449486 -0.010540719034543577
0.6334509946601878 -0.010383026655628185
0.6364759677586629 -0.010224989805894511
0.6394955530196147 -0.010066666248553367
0.6425096312349883 -0.009908114038535292
0.6455180834141361 -0.009749391427078626
0.6485207907885173 -0.009590556765860897
0.6515176348163871 -0.009431668410948222
0.6545084971874737 -0.00927278462683706
0.6574932598276526 -0.009113963490861684
0.6604718049036047 -0.008955262798240519
0.6634440148274714 -0.00879673996803072
0.6664097722614932 -0.0086384519502589
0.669368960122646 -0.008480455134490432
0.6723214615872586 -0.008322805260096867
0.6752671600956295 -0.00816555732847361
0.6782059393566255 -0.008008765517455805
0.6811376833522726 -0.007852483098171945
0.6840622763423392 -0.007696762354567468
0.6869796028689001 -0.007541654505823082
0.6898895477609008 -0.007387209631881788
0.6927919961386979 -0.007233476602291082
0.695686833418601 -0.007080503008554151
0.69857394531739 -0.00692833510017556
0.7014532178568311 -0.006777017724572855
0.7043245373681741 -0.006626594271015931
0.7071877904966419 -0.006477106618741784
0.7100428642059029 -0.006328595089380775
0.712889645782536 -0.006181098403816056
0.7157280228404792 -0.006034653643585215
0.718557883325466 -0.005889296216918628
0.7213791155194507 -0.005745059829494745
0.7241916080450159 -0.005601976459978731
0.7269952498697734 -0.005460076340395055
0.7297899303107436 -0.005319387941371221
0.7325755390387292 -0.005179937962273476
0.735351966082666 -0.005041751326241785
0.7381191018339692 -0.004904851180114768
0.7408768370508574 -0.004769258899222142
0.7436250628626659 -0.004634994097005567
0.7463636707741457 -0.0045020746394153635
0.7490925526697452 -0.004370516664015209
0.7518116008178803 -0.004240334603712752
0.7545207078751854 -0.004111541215020233
0.7572197668907532 -0.003984147610734561
0.7599086713103547 -0.003858163296913945
0.7625873149806475 -0.0037335962140138076
0.7652555921533668 -0.003610452782033002
0.767913397489498 -0.0034887379495086414
0.7705606260634379 -0.003368455246185901
0.7731971733671343 -0.0032496068391785283
0.7758229353142152 -0.0031321935924243285
0.7784378082440937 -0.0030162151292308314
0.7810416889260652 -0.0029016698976955346
0.7836344745633781 -0.002788555238777999
0.7862160627972954 -0.002676867456791215
0.7887863517111335 -0.0025666018920737126
0.7913452398342877 -0.0024577529955962054
0.7938926261462365 -0.002350314405251261
0.7964284100805294 -0.0022442790235689316
0.7989524915287594 -0.002139639096597038
0.8014647708445122 -0.0020363862936813577
0.8039651488473027 -0.0019345117878778646
0.8064535268264881 -0.0018340063367276477
0.8089298065451671 -0.001734860363123432
0.8113938902440561 -0.0016370640359970356
0.81384568064535 -0.0015406073505568737
0.816285080956562 -0.0014454802078065795
0.8187119948743447 -0.0013516724930776368
0.8211263265882922 -0.0012591741533120077
0.823527980784722 -0.0011679752728346805
0.8259168626504394 -0.001078066147360342
0.828292877876478 -0.0009894373559843168
0.8306559326618259 -0.0009020798309133507
0.8330059337171258 -0.0008159849246996169
0.8353427882683597 -0.0007311444747480823
0.8376664040605122 -0.000647550864876435
0.8399766893612095 -0.0005651970837156582
0.8422735529643444 -0.0004840767797486351
0.844556904193674 -0.0004041843127953032
0.8468266529064026 -0.0003255148017630341
0.8490827094967361 -0.0002480641684932178
0.8513249848994247 -0.00017182917754622325
0.8535533905932737 -9.680747178054864e-05
0.8557678386046423 -2.299760359388214e-05
0.8579682415109156 4.9600938291808595e-05
0.8601545124439531 0.0001209877066055942
0.8623265650935235 0.00019116127795382494
0.8644843137107057 0.00026011923997242215
0.8666276731112801 0.0003278581832667706
0.8687565586790869 0.00039437369818452885
0.8708708863693697 0.00045966037645262393
0.8729705727120911 0.000523711817693465
0.8750555348152296 0.0005865206408208166
0.877125690368052 0.0006480785002997505
0.8791809576443608 0.0007083761072399339
0.8812212555057239 0.0007674032552763692
0.8832465034046748 0.0008251488511758538
0.8852566213878947 0.0008816009500930149
0.8872515300993669 0.0009367467953841751
0.8892311507835118 0.0009905728628732513
0.891195405288294 0.001043064909448802
0.8931442160683094 0.0010942080258578952
0.8950775061878451 0.0011439866935481803
0.8969951993239176 0.0011923848453966168
0.8988972197692855 0.0012393859301501632
0.9007834924354383 0.001284972980391476
0.9026539428555611 0.0013291286838307387
0.9045084971874737 0.0013718354577133562
0.9063470822165471 0.00141307552612267
0.908169625358592 0.001452830999946512
0.909976054662726 0.0014910839592672351
0.9117662988142137 0.001527816537925821
0.9135402871372809 0.0015630110100027775
0.9152979495979063 0.0015966498779512205
0.9170392168065855 0.0016287159621108337
0.9187640200210709 0.0016591924913258037
0.9204722911490846 0.0016880631943846692
0.9221639627510076 0.0017153123919960696
0.9238389680425416 0.0017409250890107998
0.9254972408973461 0.0017648870665983322
0.9271387158496476 0.0017871849740841144
0.9287633280968262 0.0018078064201533816
0.9303710135019718 0.0018267400631270816
0.9319617085964176 0.0018439757000166446
0.933535350582245 0.0018595043540660496
0.9350918773347627 0.0018733183604922887
0.9366312274049602 0.0018854114501389483
0.9381533400219317 0.0018957788307618656
0.9396581550952783 0.0019044172656711717
0.9411456132174767 0.0019113251494599086
0.9426156556662275 0.0019165025805563834
0.9440682244067724 0.0019199514303449314
0.9455032620941839 0.0019216754086082315
0.946920712075632 0.0019216801250534234
0.948320518392618 0.0019199731466941164
0.9497026257831855 0.001916564050871002
0.9510669796841014 0.0019114644737049265
0.9524135262330098 0.0019046881537881873
0.9537422122705586 0.0018962509709322874
0.9550529853424978 0.001886170979803351
0.9563457937017514 0.0018744684382900386
0.9576205863104588 0.0018611658304628232
0.9588773128419907 0.0018462878839979927
0.9601159236829351 0.0018298615819547107
0.9613363699350574 0.0018119161688087023
0.962538603417229 0.0017924831506619043
0.9637225766673305 0.0017715962895631242
0.9648882429441255 0.001749291591891159
0.9660355562291054 0.0017256072907679888
0.9671644712283058 0.0017005838224863107
0.9682749433740963 0.0016742637969521432
0.9693669288269369 0.0016466919621601565
0.9704403844771126 0.0016179151627356734
0.9714952679464322 0.0015879822925944248
0.9725315375899024 0.001556944241787238
0.9735491524973721 0.0015248538376135578
0.9745480724951472 0.0014917657801038437
0.9755282581475768 0.0014577365719869503
0.9764896707586093 0.0014228244432743231
0.9774322723733215 0.0013870892706082016
0.9783560257794153 0.0013505924915364162
0.9792608945086878 0.0013133970138905072
0.9801468428384714 0.0012755671204586665
0.9810138357930429 0.0012371683691584576
0.9818618391450049 0.0011982674889274585
0.9826908194166368 0.0011589322715628084
0.9835007438812176 0.0011192314597524853
0.9842915805643155 0.0010792346315528863
0.9850632982450529 0.0010390120815774878
0.9858158664573369 0.0009986346991720664
0.9865492554910631 0.0009581738438607336
0.9872634363932886 0.0009177012183559229
0.9879583809693737 0.0008772887394332228
0.9886340617840967 0.0008370084069785941
0.9892904521627359 0.0007969321715222849
0.9899275261921234 0.0007571318005783913
0.990545258721667 0.0007176787441140559
0.9911436253643444 0.0006786439994752511
0.9917226024976649 0.0006400979760995141
0.9922821672646027 0.0006021103603470155
0.9928222975744989 0.0005647499807829677
0.993342972103934 0.0005280846742437377
0.9938441702975689 0.0004921811530186666
0.994325872368957 0.00045710487347731474
0.9947880593013254 0.00042291990646940367
0.9952307128483255 0.00038968880982113974
0.9956538155347534 0.000357472503246906
0.9960573506572388 0.00032633014599019406
0.9964413022849068 0.00029631901750096126
0.9968056552600042 0.00026749440145049113
0.9971503951984995 0.0002399094733755739
0.9974755084906501 0.00021361519223639944
0.99778098230154 0.00018866019616234478
0.9980668045715864 0.00016509070264978106
0.9983329640170149 0.00014295041346534728
0.9985794501303069 0.0001222804244958154
0.9988062531806126 0.00010311914077438713
0.9990133642141359 8.550219689917857e-05
0.9992007750544876 6.946238304707308e-05
0.9993684783030088 5.5029576771279145e-05
0.9995164673390624 4.22306807570129e-05
0.9996447363202945 3.108956669398607e-05
0.9997532801828659 2.16270254091659e-05
0.99984209464165 1.3860723387658337e-05
0.9999111761904045 7.805165792201669e-06
0.9999605221019081 3.4716660767960334e-06
0.9999901304280685 8.683222715983228e-07
1 0
