1 0
0.9999901304280685 1.3247374320971933e-06
0.9999605221019081 5.298302372017694e-06
0.9999111761904045 1.1918753101143903e-05
0.99984209464165 2.1182854589638877e-05
0.9997532801828658 3.308608024931682e-05
0.9996447363202946 4.762261438905328e-05
0.9995164673390624 6.47853553743027e-05
0.9993684783030088 8.456591949305064e-05
0.9992007750544876 0.0001069546455299781
0.9990133642141358 0.00013194060005204686
0.9988062531806126 0.00015951158340824902
0.9985794501303069 0.00018965413644694306
0.9983329640170149 0.0002223535479544197
0.9980668045715863 0.0002575938628183415
0.99778098230154 0.00029535789092022794
0.9974755084906501 0.00033562721676072104
0.9971503951984995 0.0003783822098222242
0.9968056552600042 0.00042360203567248534
0.9964413022849068 0.00047126466781363273
0.996057350657239 0.000521346900280253
0.9956538155347533 0.0005738243609904404
0.9952307128483255 0.0006286715258530457
0.9947880593013254 0.0006858617336343687
0.994325872368957 0.000745367201587026
0.9938441702975689 0.0008071590418429991
0.993342972103934 0.0008712072785726558
0.992822297574499 0.0009374808659105978
0.9922821672646027 0.0010059477066488983
0.9917226024976649 0.0010765746716968354
0.9911436253643444 0.0011493276203060276
0.990545258721667 0.001224171421058658
0.9899275261921234 0.0013010699736152214
0.989290452162736 0.0013799862312178699
0.9886340617840967 0.0014608822239432517
0.9879583809693737 0.0015437190826986
0.9872634363932886 0.001628457063952684
0.9865492554910633 0.0017150555751924885
0.985815866457337 0.0018034732010946898
0.9850632982450529 0.001893667730399898
0.9842915805643155 0.0019855961834757767
0.9835007438812176 0.0020792148405539457
0.9826908194166369 0.0021744792706237786
0.9818618391450049 0.0022713443609645775
0.9810138357930429 0.002369764347296278
0.9801468428384715 0.002469692844526535
0.9792608945086879 0.0025710828780711936
0.9783560257794153 0.002673886915722572
0.9774322723733215 0.0027780569000390135
0.9764896707586095 0.0028835442812268717
0.9755282581475768 0.002990300050484849
0.9745480724951473 0.0030982747737785775
0.9735491524973722 0.003207418626011833
0.9725315375899024 0.003317681425559095
0.9714952679464323 0.0034290126691224267
0.9704403844771128 0.0035413615668743125
0.9693669288269371 0.0036546770778462558
0.9682749433740961 0.0037689079455217106
0.9671644712283061 0.0038840027335903006
0.9660355562291054 0.00399990986181916
0.9648882429441257 0.0041165776419955
0.9637225766673307 0.0042339543138939575
0.962538603417229 0.00435198808122049
0.9613363699350574 0.004470627147483812
0.9601159236829352 0.004589819751744846
0.9588773128419905 0.004709514204192863
0.9576205863104588 0.004829658921497252
0.9563457937017514 0.004950202461882684
0.9550529853424978 0.005071093559874974
0.9537422122705584 0.005192281160664768
0.9524135262330098 0.005313714454035807
0.9510669796841014 0.00543534290780443
0.9497026257831855 0.0055571163007168455
0.948320518392618 0.005678984754751295
0.9469207120756319 0.005800898766771867
0.9455032620941839 0.005922809239481756
0.9440682244067723 0.006044667511624062
0.9426156556662276 0.006166425387378945
0.9411456132174767 0.006288035164906888
0.9396581550952781 0.006409449663988901
0.9381533400219317 0.006530622252715499
0.9366312274049601 0.006651506873177929
0.9350918773347628 0.006772058066116121
0.933535350582245 0.006892230994479948
0.9319617085964176 0.007011981465861801
0.9303710135019718 0.007131265953760566
0.9287633280968262 0.007250041617639109
0.9271387158496476 0.007368266321739425
0.925497240897346 0.007485898652622137
0.9238389680425416 0.007602897935399402
0.9221639627510075 0.007719224248632701
0.9204722911490846 0.007834838437869921
0.9187640200210709 0.007949702127798828
0.9170392168065856 0.008063777732996864
0.9152979495979063 0.008177028467260412
0.9135402871372809 0.008289418351499584
0.9117662988142137 0.008400912220187977
0.9099760546627261 0.008511475726359945
0.908169625358592 0.008621075345151405
0.9063470822165469 0.008729678375883591
0.9045084971874737 0.008837252942692529
0.9026539428555609 0.008943767993710921
0.9007834924354383 0.00904919329881186
0.8988972197692855 0.009153499445928586
0.8969951993239177 0.009256657835966754
0.8950775061878452 0.0093586406763305
0.8931442160683094 0.009459420973086323
0.891195405288294 0.009558972521792901
0.8892311507835118 0.009657269897028371
0.8872515300993669 0.00975428844065012
0.8852566213878946 0.00985000424882558
0.8832465034046749 0.00994439415787629
0.8812212555057239 0.010037435728980443
0.879180957644361 0.01012910723178258
0.8771256903680519 0.010219387626962706
0.8750555348152298 0.010308256547819382
0.8729705727120911 0.010395694280925535
0.8708708863693696 0.010481681745917276
0.868756558679087 0.010566200474480082
0.8666276731112801 0.010649232588598553
0.8644843137107058 0.01073076077813855
0.8623265650935233 0.010810768277833246
0.8601545124439535 0.010889238843746343
0.8579682415109156 0.010966156729288232
0.8557678386046428 0.01104150666086189
0.8535533905932737 0.01111527381321833
0.8513249848994247 0.011187443784600968
0.8490827094967364 0.011258002571761794
0.8468266529064025 0.011326936544931146
0.8445569041936742 0.01139423242282506
0.8422735529643444 0.011459877247774749
0.8399766893612096 0.01152385836106206
0.8376664040605122 0.011586163378546621
0.83534278826836 0.0116467801666687
0.8330059337171258 0.011705696818912814
0.8306559326618259 0.011762901632815573
0.8282928778764782 0.011818383087601487
0.8259168626504394 0.011872129822528547
0.8235279807847222 0.011924130616024714
0.8211263265882922 0.011974374365695149
0.8187119948743449 0.012022850069277426
0.8162850809565623 0.01206954680662142
0.8138456806453502 0.01211445372276692
0.8113938902440563 0.012157560012190762
0.8089298065451672 0.012198854904292206
0.8064535268264883 0.01223832765018224
0.8039651488473027 0.012275967510840025
0.8014647708445124 0.012311763746695719
0.7989524915287595 0.012345705608696283
0.7964284100805297 0.012377782330906167
0.7938926261462366 0.012407983124692224
0.7913452398342881 0.012436297174536742
0.7887863517111338 0.012462713635519693
0.7862160627972955 0.012487221632505652
0.7836344745633783 0.01250981026106736
0.7810416889260653 0.012530468590172646
0.778437808244094 0.012549185666656675
0.7758229353142152 0.012565950521497114
0.7731971733671346 0.012580752177903751
0.7705606260634379 0.012593579661230519
0.7679133974894983 0.012604422010710752
0.765255592153367 0.012613268293013413
0.7625873149806479 0.012620107617610583
0.7599086713103547 0.01262492915394295
0.7572197668907532 0.012627722150363247
0.7545207078751857 0.012628475954833423
0.7518116008178805 0.01262718003734484
0.7490925526697454 0.012623824014025882
0.7463636707741458 0.012618397672896537
0.7436250628626662 0.012610891001222958
0.7408768370508576 0.01260129421442112
0.7381191018339696 0.012589597786452432
0.7353519660826664 0.01257579248164976
0.7325755390387292 0.012559869387907098
0.729789930310744 0.012541819951160906
0.7269952498697734 0.012521636011087649
0.7241916080450163 0.012499309837935173
0.7213791155194509 0.012474834170404151
0.7185578833254664 0.012448202254488618
0.7157280228404795 0.012419407883182815
0.7128896457825363 0.012388445436956186
0.7100428642059032 0.012355309924895762
0.7071877904966422 0.012319997026411046
0.7043245373681746 0.012282503133393496
0.7014532178568313 0.012242825392720178
0.6985739453173903 0.012200961748987497
0.6956868334186013 0.012156910987359826
0.6927919961386984 0.01211067277641437
0.6898895477609006 0.012062247710862718
0.6869796028689001 0.012011637354027091
0.6840622763423391 0.011958844279949558
0.6811376833522729 0.011903872115008901
0.6782059393566253 0.011846725578922322
0.6752671600956295 0.011787410525005797
0.6723214615872585 0.011725933979569792
0.6693689601226458 0.011662304180324271
0.6664097722614933 0.011596530613670424
0.6634440148274712 0.011528624050755725
0.6604718049036047 0.011458596582170228
0.6574932598276524 0.011386461651165167
0.6545084971874737 0.011312234085274623
0.651517634816387 0.01123593012622537
0.6485207907885174 0.011157567458020863
0.6455180834141359 0.011077165233089865
0.642509631234988 0.010994744096391548
0.6394955530196147 0.010910326207374671
0.6364759677586627 0.010823935259690016
0.6334509946601878 0.010735596498560832
0.6304207531449485 0.010645336735720299
0.6273853628416911 0.01055318436182889
0.6243449435824275 0.010459169356290529
0.6212996153977037 0.010363323294390707
0.6182494985118624 0.010265679351686163
0.6151947133382953 0.010166272305580197
0.6121353804746905 0.010065138534024971
0.6090716206982714 0.009962316011297483
0.6060035549610274 0.009857844300801756
0.6029313043849407 0.009751764544857953
0.5998549902572035 0.009644119451443889
0.5967747340254301 0.009534953277862593
0.5936906572928624 0.009424311811316009
0.5906028818135687 0.009312242346372027
0.5875115294876381 0.009198793659319072
0.5844167223563669 0.0090840159794107
0.5813185825974418 0.008967960957008143
0.5782172325201155 0.008850681628638411
0.5751127945603786 0.008732232378991015
0.572005391276126 0.008612668899884844
0.568895145342319 0.008492048146244265
0.5657821795461413 0.008370428289130049
0.5626666167821521 0.008247868665879173
0.5595485800474349 0.008124429727413767
0.5564281924367408 0.008000172982787893
0.5533055771376301 0.007875160941046528
0.5501808574256075 0.007749457050479615
0.5470541566592573 0.007623125635359856
0.5439255982753717 0.007496231830259714
0.5407953057840789 0.007368841512050674
0.5376634027639664 0.00724102122969222
0.534530012857203 0.007112838131926539
0.5313952597646567 0.006984359892998414
0.5282592672410122 0.006855654636527528
0.5251221590898848 0.006726790857664339
0.5219840591589324 0.006597837343666656
0.5188450913349674 0.0064688630930388145
0.5157053795390643 0.006339937233379105
0.5125650477216688 0.006211128938086875
0.5094242198577041 0.006082507342082925
0.5062830199416763 0.005954141456701926
0.5031415719827795 0.00582610008391737
0.5 0.005698451730064152
0.4968584280172206 0.005571264519224229
0.49371698005832365 0.005444606106445302
0.49057578014229597 0.005318543590962111
0.48743495227833133 0.005193143429592664
0.48429462046093585 0.005068471350482079
0.48115490866503274 0.004944592267367286
0.4780159408410676 0.004821570194536391
0.4748778409101153 0.00469946816265537
0.47174073275898776 0.004578348135635547
0.46860474023534326 0.004458270928712243
0.4654699871427971 0.004339296127905477
0.4623365972360337 0.004221482011030675
0.45920469421592125 0.004104885470424462
0.45607440172462843 0.003989561937549763
0.45294584334074284 0.0038755653096391347
0.4498191425743925 0.0037629478785337483
0.44669442286237004 0.0036517602618695404
0.4435718075632592 0.0035420513367603254
0.4404514199525651 0.0034338681761199863
0.43733338321784787 0.003327255987763879
0.4342178204538588 0.0032222580564219526
0.431104854657681 0.0031189156887916278
0.42799460872387385 0.0030172681617523026
0.42488720543962144 0.0029173526738565624
0.4217827674798845 0.002819204300207337
0.41868141740255815 0.002722855950822344
0.415583277643633 0.002628338332581359
0.4124884705123619 0.002535679914842763
0.4093971181864312 0.0024449068988099676
0.4063093427071376 0.002356043190718783
0.40322526597456987 0.0022691103789101545
0.40014500974279654 0.0021841277148433105
0.39706869561505953 0.0021011120980968384
0.3939964450389728 0.002020078065396176
0.39092837930172886 0.001941037783697308
0.3878646195253095 0.0018640010473483376
0.3848052866617049 0.0017889752793406148
0.38175050148813783 0.0017159655366536936
0.3787003846022964 0.0016449745196879563
0.3756550564175727 0.0015760025857710774
0.372614637158309 0.0015090477667145837
0.3695792468550516 0.0014441057903887243
0.3665490053398124 0.0013811701062741537
0.36352403224133745 0.0013202319149408712
0.3605044469803854 0.0012612802013960353
0.35749036876501195 0.001204301772233008
0.35448191658586414 0.0011492812965068246
0.3514792092114827 0.0010962013502518117
0.3484823651836131 0.0010450424645497454
0.3454915028125263 0.0009957831770485912
0.3425067401723477 0.0009484000868248549
0.3395281950963953 0.0009028679124738967
0.3365559851725288 0.0008591595533071171
0.3335902277385068 0.0008172461535262895
0.3306310398773543 0.0007770971692400326
0.3276785384127415 0.0007386804381801955
0.3247328399043705 0.000701962251970726
0.3217940606433747 0.0006669074307951647
0.31886231664772713 0.0006334794003042613
0.31593772365766104 0.0006016402706000915
0.31302039713109986 0.0005713509171283229
0.3101104522390995 0.0005425710633063831
0.30720800386130176 0.0005152593647114109
0.30431316658139873 0.0004893734946488197
0.30142605468260975 0.0004648702309186306
0.29854678214316865 0.0004417055435953915
0.29567546263182554 0.000419834683634452
0.29281220950335796 0.0003992122721163151
0.2899571357940969 0.00037979238993933115
0.28711035421746367 0.0003615286677705956
0.28427197715952046 0.0003443743760643443
0.28144211667453367 0.0003282825149574717
0.27862088448054934 0.00031320590385243083
0.27580839195498397 0.0002990972704989478
0.2730047501302266 0.0002859093393873212
0.2702100696892561 0.0002735949192680977
0.2674244609612708 0.0002621069896156028
0.2646480339173337 0.00025139878585524883
0.26188089816603033 0.00024142388317826766
0.2591231629491423 0.0002321362787705769
0.2563749371373337 0.00022349047228743119
0.25363632922585433 0.0002154415444092922
0.2509074473302546 0.00020794523331943426
0.24818839918211966 0.00020095800894966154
0.24547929212481434 0.0001944371448448154
0.2427802331092468 0.00018834078750447
0.24009132868964522 0.0001826280230646203
0.2374126850193521 0.0001772589411908783
0.23474440784663286 0.000172194696059471
0.2320866025105015 0.00016739756431128835
0.2294393739365621 0.00016283099987087976
0.22680282663286544 0.00015845968552995193
0.2241770646857849 0.00015424958120343474
0.2215621917559062 0.0001501679687737241
0.21895831107393482 0.00014618349344750273
0.2163655254366219 0.00014226620155794942
0.2137839372027046 0.00013838757475359217
0.21121364828886624 0.0001345205605241713
0.20865476016571205 0.00013063959902267358
0.20610737385376354 0.0001267206461512821
0.20357158991947033 0.0001227411928887423
0.20104750847124075 0.00011868028084523544
0.19853522915548782 0.00011451851403934676
0.19603485115269748 0.00011023806690265911
0.19354647317351192 0.00010582268852388221
0.1910701934548329 0.00010125770315571464
0.18860610975594383 9.653000701517409e-05
0.18615431935464977 9.162806141757573e-05
0.18371491904343773 8.654188229223134e-05
0.18128800512565513 8.126302613752079e-05
0.1788736734117078 7.578457248060347e-05
0.176472019215278 7.010110291489138e-05
0.1740831373495607 6.420867679756553e-05
0.1717071221235218 5.810480369577292e-05
0.1693440673381741 5.178841267842321e-05
0.16699406628287417 4.525981855759906e-05
0.16465721173164005 3.85206851901132e-05
0.16233359593948782 3.157398595698621e-05
0.16002331063879038 2.442396154453408e-05
0.15772644703565564 1.7076075156361586e-05
0.15544309580632587 9.5369652922013e-06
0.15317334709359764 1.8143962338332265e-06
0.15091729050326375 -6.0827936164513374e-06
0.14867501510057546 -1.4144745394805563e-05
0.14644660940672627 -2.236063527799939e-05
0.14423216139535733 -3.071873167136488e-05
0.14203175848908445 -3.920645392116451e-05
0.13984548755604653 -4.781043238763147e-05
0.13767343490647665 -5.651656971244687e-05
0.13551568628929433 -6.531010311205954e-05
0.13337232688872014 -7.417566752733473e-05
0.13124344132091315 -8.309735945818963e-05
0.1291291136306305 -9.20588013117625e-05
0.1270294272879089 -0.00010104320609246112
0.1249444651847702 -0.00011003344226149028
0.12287430963194801 -0.00011901209859586578
0.120819042355639 -0.00012796154887612446
0.11877874449427606 -0.0001368640162349062
0.11675349659532519 -0.00014570163699980862
0.11474337861210548 -0.00015445652386660708
0.11274846990063314 -0.00016311082824125786
0.11076884921648833 -0.00017164680159365356
0.108804594711706 -0.00018004685566727283
0.1068557839316906 -0.00018829362139607259
0.1049224938121548 -0.00019637000638093524
0.10300480067608231 -0.00020425925078597015
0.1011027802307145 -0.0002119449815173105
0.09921650756456168 -0.00021941126455441579
0.09734605714443911 -0.0002266426553085149
0.09549150281252627 -0.00023362424688977076
0.09365291778345308 -0.00024034171616979516
0.09183037464140797 -0.00024678136753469165
0.09002394533727376 -0.00025293017422831424
0.08823370118578633 -0.0002587758171949117
0.08645971286271903 -0.00026430672133590655
0.08470205040209366 -0.00026951208910358515
0.08296078319341449 -0.00027438193136279654
0.08123597997892917 -0.0002789070954586671
0.07952770885091542 -0.0002830792904367843
0.07783603724899257 -0.00028689110937033316
0.07616103195745849 -0.000290336048757122
0.07450275910265414 -0.00029340852495662526
0.07286128415035242 -0.00029610388764725673
0.07123667190317395 -0.00029841843029030854
0.06962898649802818 -0.00030034939759705087
0.06803829140358242 -0.00030189499000278855
0.06646464941775498 -0.0003030543651600451
0.06490812266523716 -0.00030382763647136823
0.06336877259504003 -0.00030421586869073744
0.061846659978068264 -0.00030422107062919035
0.06034184490472194 -0.0003038461850096673
0.058854386782523416 -0.0003030950755231847
0.057384344333772486 -0.0003019725111450197
0.05593177559322782 -0.0003004841477787564
0.054496737905816106 -0.0002986365073014332
0.05307928792436811 -0.00029643695409079657
0.051679481607382005 -0.00029389366912219335
0.05029737421681446 -0.0002910156217287522
0.048933020315898634 -0.000287812539124686
0.04758647376699032 -0.0002842948737974537
0.04625778772944156 -0.0002804737688798017
0.04494701465750217 -0.00027636102161768955
0.043654206298248566 -0.00027196904505561934
0.042379413689541234 -0.0002673108280640997
0.041122687158009485 -0.00026239989383933064
0.03988407631706481 -0.00025725025700801436
0.038663630064942556 -0.0002518763794737786
0.037461396582771034 -0.00024629312514472604
0.03627742333266937 -0.00024051571368408076
0.035111757055874326 -0.00023455967342767697
0.03396444377089458 -0.00022844079361457326
0.032835528771693934 -0.0002221750760771045
0.03172505662590386 -0.00021577868653896264
0.03063307117306291 -0.00020926790566925743
0.029559615522887217 -0.00020265908004084114
0.02850473205356774 -0.00019596857314140188
0.027468462410097594 -0.00018921271658384024
0.02645084750262794 -0.0001824077616625567
0.02545192750485281 -0.0001755698313995746
0.02447174185242318 -0.00016871487322265948
0.023510329241390626 -0.0001618586124162158
0.02256772762667847 -0.0001550165064811461
0.021643974220584727 -0.00014820370053777315
0.02073910549131197 -0.0001414349839026826
0.019853157161528467 -0.0001347247479653417
0.01898616420695709 -0.00012808694548675087
0.01813816085499509 -0.00012153505143820166
0.01730918058336306 -0.00011508202549184027
0.016499256118782446 -0.00010874027627142888
0.015708419435684462 -0.00010252162746423633
0.014936701754947102 -9.643728589105432e-05
0.014184133542663013 -9.049781162359573e-05
0.013450744508936685 -8.47130902331232e-05
0.012736563606711382 -7.909230724811173e-05
0.012041619030626283 -7.36439248902555e-05
0.01136593821590326 -6.837566115335675e-05
0.010709547837263966 -6.329447128096497e-05
0.01007247380787657 -5.840653169228351e-05
0.009454741278333012 -5.371722639756042e-05
0.008856374635655695 -4.923113593837628e-05
0.008277397502335138 -4.4952028878809946e-05
0.007717832735397279 -4.088285586657629e-05
0.007177702425500976 -3.702574627675176e-05
0.006657027896066037 -3.338200744099594e-05
0.006155829702431115 -2.995212645843636e-05
0.005674127631043024 -2.67357745779382e-05
0.005211940698674589 -2.373181413141412e-05
0.004769287151674462 -2.0938307992445643e-05
0.004346184465246816 -1.8352531525892002e-05
0.0039426493427611176 -1.5970986987873942e-05
0.0035586977150932064 -1.3789420325809043e-05
0.0031943447399958025 -1.1802840325483236e-05
0.002849604801500538 -1.0005540040938614e-05
0.0025244915093498577 -8.391120438378842e-06
0.002219017698460002 -6.95251617882902e-06
0.0019331954284137476 -5.682023457401729e-06
0.0016670359829851211 -4.5713298118745145e-06
0.0014205498696930885 -3.6115458052245197e-06
0.0011937468193874423 -2.793238485927687e-06
0.0009866357858642205 -2.106466518700823e-06
0.0007992249455124334 -1.5408168790934096e-06
0.0006315216969912107 -1.085442995227585e-06
0.0004835326609375912 -7.291042228164523e-07
0.00035526367970539763 -4.6020652786846195e-07
0.0002467198171342 -2.668442525847938e-07
0.00015790535835003006 -1.3684284070160976e-07
8.882380959551739e-05 -5.7802379813229506e-08
3.947789809188862e-05 -1.7141841482186913e-08
9.869571931497845e-06 -2.1438716330088488e-09
0 0


1.0 0.0
0.9999901304280685 2.032924381770568e-06
0.9999605221019081 8.131442209624315e-06
0.9999111761904045 1.829478738319929e-05
0.99984209464165 3.252168257520547e-05
0.9997532801828658 5.081033849532053e-05
0.9996447363202946 7.315845286626045e-05
0.9995164673390624 9.95632091190987e-05
0.9993684783030088 0.00013002127481692092
0.9992007750544876 0.0001645287998170132
0.9990133642141358 0.0002030814141846103
0.9988062531806126 0.00024567422587220465
0.9985794501303069 0.00029230181818070387
0.9983329640170149 0.0003429582470201078
0.9980668045715863 0.00039763703798902274
0.99778098230154 0.0004563311832940973
0.9974755084906501 0.0005190331385313536
0.9971503951984995 0.0005857348193536704
0.9968056552600042 0.0006564275980487199
0.9964413022849068 0.0007311023000541073
0.996057350657239 0.0008097492004364284
0.9956538155347533 0.0008923580203627971
0.9952307128483255 0.0009789179235932522
0.9947880593013254 0.0010694175130244081
0.994325872368957 0.001163844827314214
0.9938441702975689 0.001262187337618661
0.993342972103934 0.001364431944471639
0.992822297574499 0.0014705649748390918
0.9922821672646027 0.001580572179379372
0.9917226024976649 0.0016944387299404698
0.9911436253643444 0.0018121492173259154
0.990545258721667 0.0019336876493600897
0.9899275261921234 0.002059037449283093
0.989290452162736 0.0021881814545057776
0.9886340617840967 0.002321101915753251
0.9879583809693737 0.0024577804966259406
0.9872634363932886 0.0025981982736051775
0.9865492554910633 0.0027423357365298335
0.985815866457337 0.002890172789568969
0.9850632982450529 0.0030416887527143967
0.9842915805643155 0.0031968623638153793
0.9835007438812176 0.003355671781176358
0.9826908194166369 0.003518094586736758
0.9818618391450049 0.0036841077898501495
0.9810138357930429 0.0038536878316786064
0.9801468428384715 0.004026810590215255
0.9792608945086879 0.00420345138594725
0.9783560257794153 0.004383584988167886
0.9774322723733215 0.004567185621945674
0.9764896707586095 0.004754226975754918
0.9755282581475768 0.0049446822097708575
0.9745480724951473 0.005138523964829409
0.9735491524973722 0.005335724372049722
0.9725315375899024 0.0055362550631149155
0.9714952679464323 0.005740087181204034
0.9704403844771128 0.005947191392566068
0.9693669288269371 0.0061575378987238655
0.9682749433740961 0.006371096449293827
0.9671644712283061 0.006587836355404376
0.9660355562291054 0.006807726503694303
0.9648882429441257 0.007030735370868616
0.9637225766673307 0.0072568310387886754
0.962538603417229 0.0074859812100695425
0.9613363699350574 0.007718153224155797
0.9601159236829352 0.007953314073845632
0.9588773128419905 0.008191430422228974
0.9576205863104588 0.008432468620005249
0.9563457937017514 0.0086763947231433
0.9550529853424978 0.00892317451084412
0.9537422122705584 0.009172773503765634
0.9524135262330098 0.009425156982466827
0.9510669796841014 0.009680290006026911
0.9497026257831855 0.00993813743079355
0.948320518392618 0.010198663929213593
0.9469207120756319 0.010461834008697279
0.9455032620941839 0.01072761203046698
0.9440682244067723 0.010995962228340046
0.9426156556662276 0.011266848727394547
0.9411456132174767 0.011540235562466054
0.9396581550952781 0.011816086696423492
0.9381533400219317 0.012094366038171087
0.9366312274049601 0.0123750374603242
0.9350918773347628 0.012658064816505828
0.933535350582245 0.012943411958211488
0.9319617085964176 0.013231042751190327
0.9303710135019718 0.013520921091290631
0.9287633280968262 0.013813010919718989
0.9271387158496476 0.014107276237662638
0.925497240897346 0.014403681120226166
0.9238389680425416 0.014702189729634744
0.9221639627510075 0.015002766327656961
0.9204722911490846 0.015305375287202742
0.9187640200210709 0.015609981103052697
0.9170392168065856 0.015916548401677638
0.9152979495979063 0.016225041950108682
0.9135402871372809 0.016535426663820824
0.9117662988142137 0.016847667613594828
0.9099760546627261 0.0171617300313251
0.908169625358592 0.017477579314743356
0.9063470822165469 0.017795181031031167
0.9045084971874737 0.01811450091929651
0.9026539428555609 0.018435504891893627
0.9007834924354383 0.018758159034566846
0.8988972197692855 0.01908242960540415
0.8969951993239177 0.019408283032587584
0.8950775061878452 0.019735685910932634
0.8931442160683094 0.0200646049972108
0.891195405288294 0.02039500720425391
0.8892311507835118 0.020726859593841844
0.8872515300993669 0.021060129368379164
0.8852566213878946 0.021394783861369098
0.8832465034046749 0.021730790526698414
0.8812212555057239 0.022068116926748437
0.879180957644361 0.022406730719352782
0.8771256903680519 0.022746599643625156
0.8750555348152298 0.02308769150468427
0.8729705727120911 0.02342997415730705
0.8708708863693696 0.02377341548854411
0.868756558679087 0.024117983399335574
0.8666276731112801 0.024463645785168683
0.8644843137107058 0.024810370515821807
0.8623265650935233 0.025158125414242793
0.8601545124439535 0.025506878234613367
0.8579682415109156 0.025856596639653416
0.8557678386046428 0.026207248177222982
0.8535533905932737 0.026558800256282142
0.8513249848994247 0.026911220122271467
0.8490827094967364 0.027264474831979534
0.8468266529064025 0.02761853122796457
0.8445569041936742 0.027973355912601503
0.8422735529643444 0.028328915221826633
0.8399766893612096 0.02868517519865441
0.8376664040605122 0.029042101566542876
0.83534278826836 0.029399659702685543
0.8330059337171258 0.02975781461130912
0.8306559326618259 0.030116530897057726
0.8282928778764782 0.03047577273854497
0.8259168626504394 0.030835503862156447
0.8235279807847222 0.03119568751618553
0.8211263265882922 0.0315562864453858
0.8187119948743449 0.0319172628660234
0.8162850809565623 0.03227857844151306
0.8138456806453502 0.03264019425872052
0.8113938902440563 0.033002070805013904
0.8089298065451672 0.033364167946146245
0.8064535268264883 0.03372644490504933
0.8039651488473027 0.03408886024161895
0.8014647708445124 0.03445137183356956
0.7989524915287595 0.034813936858434674
0.7964284100805297 0.035176511776787774
0.7938926261462366 0.03553905231675627
0.7913452398342881 0.035901513459898414
0.7887863517111338 0.03626384942851122
0.7862160627972955 0.03662601367443395
0.7836344745633783 0.03698795886940949
0.7810416889260653 0.03734963689706209
0.778437808244094 0.03771099884654742
0.7758229353142152 0.038071995007926865
0.7731971733671346 0.03843257486931435
0.7705606260634379 0.03879268711584035
0.7679133974894983 0.039152279630473796
0.765255592153367 0.03951129949673826
0.7625873149806479 0.0398696930033546
0.7599086713103547 0.0402274056508379
0.7572197668907532 0.040584382160072104
0.7545207078751857 0.04094056648288115
0.7518116008178805 0.041295901814610375
0.7490925526697454 0.041650330608727665
0.7463636707741458 0.04200379459344876
0.7436250628626662 0.04235623479038615
0.7408768370508576 0.04270759153521618
0.7381191018339696 0.04305780450035395
0.7353519660826664 0.0434068127196207
0.7325755390387292 0.04375455461488324
0.729789930310744 0.04410096802463985
0.7269952498697734 0.04444599023452291
0.7241916080450163 0.04478955800968219
0.7213791155194509 0.04513160762900935
0.7185578833254664 0.045472074921158304
0.7157280228404795 0.045810895302311604
0.7128896457825363 0.04614800381563908
0.7100428642059032 0.04648333517238873
0.7071877904966422 0.04681682379454779
0.7043245373681746 0.04714840385900483
0.7014532178568313 0.04747800934314213
0.6985739453173903 0.04780557407178159
0.6956868334186013 0.04813103176540463
0.6927919961386984 0.04845431608956264
0.6898895477609006 0.04877536070539022
0.6869796028689001 0.04909409932113167
0.6840622763423391 0.049410465744586275
0.6811376833522729 0.04972439393637652
0.6782059393566253 0.05003581806393921
0.6752671600956295 0.050344672556138635
0.6723214615872585 0.05065089215839712
0.6693689601226458 0.05095441198823697
0.6664097722614933 0.051255167591126576
0.6634440148274712 0.05155309499652063
0.6604718049036047 0.05184813077398442
0.6574932598276524 0.05214021208929044
0.6545084971874737 0.052429276760375294
0.651517634816387 0.052715263313043645
0.6485207907885174 0.05299811103630696
0.6455180834141359 0.05327776003724376
0.642509631234988 0.053554151295269185
0.6394955530196147 0.05382722671570209
0.6364759677586627 0.054096929182518606
0.6334509946601878 0.05436320261018278
0.6304207531449485 0.05462599199444573
0.6273853628416911 0.05488524346200752
0.6243449435824275 0.05514090431893633
0.6212996153977037 0.05539292309774376
0.6182494985118624 0.055641249603015724
0.6151947133382953 0.0558858349555028
0.6121353804746905 0.05612663163457564
0.6090716206982714 0.05636359351895511
0.6060035549610274 0.056596675925630106
0.6029313043849407 0.05682583564687938
0.5998549902572035 0.057051030985318434
0.5967747340254301 0.057272221786895526
0.5936906572928624 0.05748936947176671
0.5906028818135687 0.05770243706298253
0.5875115294876381 0.05791138921292518
0.5844167223563669 0.05811619222743943
0.5813185825974418 0.05831681408760487
0.5782172325201155 0.05851322446910325
0.5751127945603786 0.058705394759139364
0.572005391276126 0.05889329807087929
0.568895145342319 0.05907690925537569
0.5657821795461413 0.05925620491095509
0.5626666167821521 0.05943116339004776
0.5595485800474349 0.059601764803446804
0.5564281924367408 0.05976799102198843
0.5533055771376301 0.05992982567565137
0.5501808574256075 0.06008725415007942
0.5470541566592573 0.06024026358053627
0.5439255982753717 0.060388842843308185
0.5407953057840789 0.06053298254457577
0.5376634027639664 0.060672675006781106
0.534530012857203 0.06080791425252328
0.5313952597646567 0.06093869598602005
0.5282592672410122 0.061065017572179074
0.5251221590898848 0.06118687801332782
0.5219840591589324 0.061304277923656246
0.5188450913349674 0.0614172195014317
0.5157053795390643 0.06152570649905008
0.5125650477216688 0.06162974419099281
0.5094242198577041 0.0617293393397633
0.5062830199416763 0.06182450015988129
0.5031415719827795 0.06191523628001774
0.5 0.062001558703357176
0.4968584280172206 0.062083479766278094
0.49371698005832365 0.06216101309544574
0.49057578014229597 0.062234173563415124
0.48743495227833133 0.06230297724284547
0.48429462046093585 0.06236744135942948
0.48115490866503274 0.06242758424364486
0.4780159408410676 0.06248342528143634
0.4748778409101153 0.06253498486394007
0.47174073275898776 0.0625822843363632
0.46860474023534326 0.06262534594613318
0.4654699871427971 0.06266419279043318
0.4623365972360337 0.06269884876324035
0.45920469421592125 0.06272933850198473
0.45607440172462843 0.06275568733394715
0.45294584334074284 0.06277792122251426
0.4498191425743925 0.06279606671340907
0.44669442286237004 0.06281015088101431
0.4435718075632592 0.06282020127490648
0.4404514199525651 0.06282624586671541
0.43733338321784787 0.06282831299742492
0.4342178204538588 0.06282643132522708
0.431104854657681 0.0628206297740415
0.42799460872387385 0.06281093748280829
0.42488720543962144 0.06279738375566184
0.4217827674798845 0.06277999801308855
0.41868141740255815 0.06275880974417002
0.415583277643633 0.0627338484600091
0.4124884705123619 0.06270514364843309
0.4093971181864312 0.06267272473006484
0.4063093427071376 0.06263662101584822
0.40322526597456987 0.06259686166611095
0.40014500974279654 0.06255347565124252
0.39706869561505953 0.06250649171406161
0.3939964450389728 0.062455938333941814
0.39092837930172886 0.06240184369275997
0.3878646195253095 0.06234423564272671
0.3848052866617049 0.062283141676153134
0.38175050148813783 0.062218588897202734
0.3787003846022964 0.0621506039956723
0.3756550564175727 0.062079213222839706
0.372614637158309 0.0620044423694115
0.3695792468550516 0.0619263167455972
0.3665490053398124 0.06184486116333163
0.36352403224133745 0.061760099920661185
0.3605044469803854 0.06167205678830406
0.35749036876501195 0.06158075499838824
0.35448191658586414 0.0614862172353666
0.3514792092114827 0.06138846562910144
0.3484823651836131 0.061287521750105774
0.3454915028125263 0.061183406606923244
0.3425067401723477 0.06107614064562287
0.3395281950963953 0.06096574375137872
0.3365559851725288 0.06085223525210073
0.3335902277385068 0.06073563392407595
0.3306310398773543 0.06061595799957596
0.3276785384127415 0.06049322517637986
0.3247328399043705 0.06036745262915859
0.3217940606433747 0.06023865702266086
0.31886231664772713 0.060106854526636645
0.31593772365766104 0.05997206083243052
0.31302039713109986 0.05983429117117214
0.3101104522390995 0.05969356033348782
0.30720800386130176 0.05954988269065334
0.30431316658139873 0.05940327221710501
0.30142605468260975 0.05925374251422199
0.29854678214316865 0.059101306835290884
0.29567546263182554 0.058945978111560576
0.29281220950335796 0.058787768979292346
0.2899571357940969 0.058626691807708936
0.28711035421746367 0.058462758727743896
0.28427197715952046 0.05829598166149093
0.28144211667453367 0.058126372352251675
0.27862088448054934 0.05795394239507942
0.27580839195498397 0.057778703267715364
0.2730047501302266 0.05760066636181338
0.2702100696892561 0.05741984301434964
0.2674244609612708 0.05723624453911245
0.2646480339173337 0.057049882258169635
0.26188089816603033 0.05686076753320968
0.2591231629491423 0.05666891179665529
0.2563749371373337 0.05647432658244824
0.25363632922585433 0.05627702355640655
0.2509074473302546 0.05607701454605635
0.24818839918211966 0.05587431156984308
0.24547929212481434 0.05566892686562907
0.2427802331092468 0.055460872918386625
0.24009132868964522 0.055250162486998974
0.2374126850193521 0.05503680863008466
0.23474440784663286 0.05482082473076338
0.2320866025105015 0.05460222452028577
0.2294393739365621 0.05438102210045259
0.22680282663286544 0.05415723196475287
0.2241770646857849 0.053930869018154984
0.2215621917559062 0.053701948595488325
0.21895831107393482 0.05347048647835788
0.2163655254366219 0.053236498910539005
0.2137839372027046 0.05300000261180345
0.21121364828886624 0.0527610147901337
0.20865476016571205 0.05251955315228638
0.20610737385376354 0.052275635912671564
0.20357158991947033 0.05202928180051945
0.20104750847124075 0.05178051006531114
0.19853522915548782 0.05152934048045493
0.19603485115269748 0.051275793345196594
0.19354647317351192 0.05101988948475461
0.1910701934548329 0.05076165024867948
0.18860610975594383 0.05050109750743954
0.18615431935464977 0.05023825364724203
0.18371491904343773 0.04997314156310277
0.18128800512565513 0.04970578465018384
0.1788736734117078 0.04943620679342258
0.176472019215278 0.04916443235548166
0.1740831373495607 0.04889048616305354
0.1717071221235218 0.048614393491558994
0.1693440673381741 0.04833618004828247
0.16699406628287417 0.048055871953993023
0.16465721173164005 0.047773495723103444
0.16233359593948782 0.047489078242424064
0.16002331063879038 0.04720264674857323
0.15772644703565564 0.046914228804108345
0.15544309580632587 0.04662385227244717
0.15317334709359764 0.046331545291651136
0.15091729050326375 0.04603733624714669
0.14867501510057546 0.045741253743463196
0.14644660940672627 0.04544332657506901
0.14423216139535733 0.045143583696390405
0.14203175848908445 0.0448420541910994
0.13984548755604653 0.04453876724076005
0.13767343490647665 0.04423375209292326
0.13551568628929433 0.04392703802876298
0.13337232688872014 0.04361865433034718
0.13124344132091315 0.043308630247638556
0.1291291136306305 0.042996994965320744
0.1270294272879089 0.04268377756954549
0.1249444651847702 0.04236900701469846
0.12287430963194801 0.04205271209027849
0.120819042355639 0.041734921387988066
0.11877874449427606 0.041415663269129266
0.11675349659532519 0.04109496583240052
0.11474337861210548 0.040772856882187555
0.11274846990063314 0.04044936389744118
0.11076884921648833 0.040124514001231626
0.108804594711706 0.039798333931069116
0.1068557839316906 0.0394708500100762
0.1049224938121548 0.03914208811909701
0.10300480067608231 0.038812073669823914
0.1011027802307145 0.03848083157902081
0.09921650756456168 0.03814838624391835
0.09734605714443911 0.03781476151885327
0.09549150281252627 0.037479980693220435
0.09365291778345308 0.037144066470802824
0.09183037464140797 0.03680704095053986
0.09002394533727376 0.03646892560879212
0.08823370118578633 0.036129741283154
0.08645971286271903 0.03578950815786329
0.08470205040209366 0.035448245750851835
0.08296078319341449 0.03510597290247541
0.08123597997892917 0.034762707765958446
0.07952770885091542 0.03441846779958217
0.07783603724899257 0.034073269760641504
0.07616103195745849 0.03372712970118965
0.07450275910265414 0.033380062965585794
0.07286128415035242 0.03303208418985448
0.07123667190317395 0.03268320730286154
0.06962898649802818 0.03233344552930536
0.06803829140358242 0.03198281139451802
0.06646464941775498 0.031631316731064424
0.06490812266523716 0.03127897268712418
0.06336877259504003 0.030925789736634
0.061846659978068264 0.030571777691165005
0.06034184490472194 0.030216945713503855
0.058854386782523416 0.029861302332901032
0.057384344333772486 0.029504855461946405
0.05593177559322782 0.02914761241502616
0.054496737905816106 0.02878957992831164
0.05307928792436811 0.028430764181225823
0.051679481607382005 0.028071170819329083
0.05029737421681446 0.027710804978562067
0.048933020315898634 0.02734967131077931
0.04758647376699032 0.026987774010503836
0.04625778772944156 0.02662511684282951
0.04494701465750217 0.026261703172394586
0.043654206298248566 0.02589753599334658
0.042379413689541234 0.02553261796021654
0.041122687158009485 0.025166951419617355
0.03988407631706481 0.024800538442679005
0.038663630064942556 0.024433380858131383
0.037461396582771034 0.02406548028594314
0.03627742333266937 0.02369683817142407
0.035111757055874326 0.023327455819696977
0.03396444377089458 0.02295733443044335
0.032835528771693934 0.022586475132827313
0.03172505662590386 0.02221487902050152
0.03063307117306291 0.021842547186597398
0.029559615522887217 0.021469480758604477
0.02850473205356774 0.021095680933040945
0.027468462410097594 0.020721149009820767
0.02645084750262794 0.020345886426221895
0.02545192750485281 0.019969894790361816
0.02447174185242318 0.019593175914088077
0.023510329241390626 0.01921573184519334
0.02256772762667847 0.01883756489886488
0.021643974220584727 0.018458677688283732
0.02073910549131197 0.018079073154287147
0.019853157161528467 0.01769875459401433
0.01898616420695709 0.01731772568845521
0.01813816085499509 0.016935990528827792
0.01730918058336306 0.016553553641710905
0.016499256118782446 0.016170420012863118
0.015708419435684462 0.015786595109663813
0.014936701754947102 0.015402084902113635
0.014184133542663013 0.015016895882338182
0.013450744508936685 0.014631035082541332
0.012736563606711382 0.014244510091359394
0.012041619030626283 0.013857329068572422
0.01136593821590326 0.013469500758132654
0.010709547837263966 0.01308103449947566
0.01007247380787657 0.012691940237083905
0.009454741278333012 0.012302228528278059
0.008856374635655695 0.011911910549215522
0.008277397502335138 0.011520998099081903
0.007717832735397279 0.011129503602464966
0.007177702425500976 0.010737440109906394
0.006657027896066037 0.010344821296632094
0.006155829702431115 0.009951661459466013
0.005674127631043024 0.009557975511939322
0.005211940698674589 0.009163778977608398
0.004769287151674462 0.00876908798160504
0.004346184465246816 0.008373919240443105
0.0039426493427611176 0.007978290050112264
0.0035586977150932064 0.007582218272495553
0.0031943447399958025 0.00718572232014915
0.002849604801500538 0.0067888211394912645
0.0025244915093498577 0.006391534192447799
0.002219017698460002 0.0059938814366098355
0.0019331954284137476 0.005595883303959091
0.0016670359829851211 0.005197560678226233
0.0014205498696930885 0.004798934870943792
0.0011937468193874423 0.00440002759626753
0.0009866357858642205 0.004000860944635463
0.0007992249455124334 0.003601457355343336
0.0006315216969912107 0.0032018395881144653
0.0004835326609375912 0.002802030693746228
0.00035526367970539763 0.002402053983919128
0.0002467198171342 0.002001933000252736
0.00015790535835003006 0.001601691482702901
8.882380959551739e-05 0.0012013533373832893
3.947789809188862e-05 0.0008009426039123297
9.869571931497845e-06 0.00040048342237845945
0.0 -0.0
9.869571931497845e-06 -0.00040048771012172546
3.947789809188862e-05 -0.000800976887595294
8.882380959551739e-05 -0.0012014689421429158
0.00015790535835003006 -0.0016019651683843042
0.00024671981713408897 -0.002002466688757906
0.00035526367970550865 -0.002402974396974865
0.0004835326609375912 -0.002803488902191861
0.0006315216969912107 -0.0032040104741049204
0.0007992249455124334 -0.003604538989101523
0.0009866357858641095 -0.0040050738776728646
0.0011937468193874423 -0.0044056140732393854
0.0014205498696930885 -0.004806157962554241
0.0016670359829851211 -0.005206703337849982
0.0019331954284136366 -0.005607247350873894
0.002219017698460002 -0.0060077864689674935
0.0025244915093498577 -0.006408316433324557
0.002849604801500538 -0.006808832219573142
0.0031943447399958025 -0.007209328000800116
0.0035586977150932064 -0.007609797113147171
0.0039426493427610065 -0.008010232024088012
0.004346184465246594 -0.00841062430349489
0.004769287151674462 -0.008810964597589932
0.005211940698674589 -0.009211242605871226
0.005674127631043024 -0.009611447061095199
0.006155829702431115 -0.010011565712382885
0.006657027896066037 -0.010411585311514086
0.007177702425500865 -0.010811491602459897
0.007717832735397279 -0.011211269314198118
0.008277397502335138 -0.011610902156839523
0.008856374635655584 -0.012010372821092274
0.009454741278333012 -0.01240966298107318
0.01007247380787657 -0.012808753300468472
0.010709547837263855 -0.01320762344203759
0.01136593821590326 -0.013606252080439368
0.012041619030626283 -0.014004616918352933
0.012736563606711382 -0.014402694705855618
0.013450744508936685 -0.014800461263007578
0.014184133542663124 -0.015197891505585374
0.014936701754947102 -0.015594959473895744
0.015708419435684462 -0.015991638364592286
0.016499256118782446 -0.016387900565405976
0.01730918058336295 -0.016783717692694586
0.01813816085499509 -0.017179060631704195
0.01898616420695709 -0.01757389957942871
0.01985315716152858 -0.017968204089945015
0.02073910549131197 -0.018361943122092512
0.021643974220584727 -0.018755085089359278
0.02256772762667847 -0.01914759791182717
0.023510329241390515 -0.01953944907002577
0.02447174185242318 -0.019930605660533396
0.02545192750485281 -0.020321034453160965
0.026450847502627717 -0.02071070194954701
0.027468462410097594 -0.021099574442988447
0.02850473205356785 -0.02148761807932375
0.029559615522887217 -0.02187479891868616
0.03063307117306291 -0.022261082997935912
0.03172505662590375 -0.022646436393579446
0.032835528771693934 -0.023030825284981522
0.03396444377089458 -0.023414216017672497
0.035111757055874326 -0.02379657516655233
0.03627742333266948 -0.024177869598792232
0.037461396582771034 -0.024558066536232593
0.038663630064942556 -0.02493713361707894
0.0398840763170647 -0.025315038956695034
0.04112268715800926 -0.025691751207296016
0.04237941368954101 -0.026067239616344738
0.043654206298248344 -0.02644147408345782
0.04494701465750195 -0.026814425215629965
0.046257787729441446 -0.02718606438058911
0.04758647376699021 -0.027556363758098744
0.048933020315898634 -0.027925296389028683
0.05029737421681446 -0.02829283622201957
0.051679481607382005 -0.02865895815757347
0.053079287924368 -0.029023638089407416
0.054496737905815884 -0.029386852942914505
0.055931775593227595 -0.029748580710583672
0.057384344333772264 -0.030108800484236444
0.058854386782523305 -0.030467492483947402
0.06034184490472172 -0.03082463808352319
0.061846659978068264 -0.031180219832423386
0.06336877259503981 -0.031534221474015474
0.06490812266523704 -0.031886627960066916
0.06646464941775498 -0.032237425461384514
0.0680382914035822 -0.0325866013745236
0.06962898649802796 -0.03293414432449946
0.07123667190317384 -0.03328004416344216
0.0728612841503522 -0.033624291965148996
0.07450275910265391 -0.033966880015499044
0.07616103195745838 -0.034307801798703894
0.07783603724899235 -0.03464705197938217
0.07952770885091542 -0.03498462638045574
0.08123597997892906 -0.03532052195687578
0.08296078319341427 -0.035654736765201006
0.08470205040209366 -0.035987269929059006
0.08645971286271892 -0.0363181216005351
0.0882337011857861 -0.036647292917543824
0.09002394533727376 -0.03697478595724875
0.09183037464140797 -0.037300603685609245
0.09365291778345286 -0.037624749903142414
0.09549150281252627 -0.03794722918699998
0.09734605714443889 -0.0382680468294703
0.09921650756456168 -0.03858720877302718
0.10110278023071428 -0.03890472154205543
0.1030048006760822 -0.039220592171395854
0.10492249381215468 -0.03953482813185888
0.1068557839316906 -0.039847437252868344
0.10880459471170578 -0.04015842764240366
0.11076884921648822 -0.04046780760441893
0.11274846990063292 -0.040775585553923695
0.11474337861210548 -0.04108176992992077
0.11675349659532497 -0.04138636910640014
0.11877874449427583 -0.04168939130159908
0.120819042355639 -0.041990844485740315
0.12287430963194801 -0.042290736287470224
0.1249444651847702 -0.04258907389922144
0.1270294272879089 -0.042885863981730415
0.1291291136306303 -0.04318111256794427
0.13124344132091315 -0.043474824966554936
0.13337232688871992 -0.04376700566540185
0.1355156862892941 -0.0440576582349871
0.13767343490647654 -0.044346785232348154
0.13984548755604642 -0.044634388105535314
0.14203175848908423 -0.04492046709894173
0.14423216139535722 -0.045205021159733134
0.14644660940672605 -0.04548804784562501
0.14867501510057535 -0.04576954323425281
0.15091729050326363 -0.04604950183437959
0.15317334709359764 -0.04632791649918347
0.15544309580632576 -0.04660477834186277
0.15772644703565541 -0.04688007665379562
0.16002331063879027 -0.047153798825484164
0.16233359593948782 -0.04742593027051009
0.16465721173163983 -0.04769645435272322
0.16699406628287417 -0.047965352316877825
0.1693440673381741 -0.04823260322292562
0.1717071221235218 -0.04849818388416745
0.1740831373495606 -0.04876206880945841
0.17647201921527778 -0.049024230149651876
0.17887367341170757 -0.049284637648461374
0.18128800512565535 -0.0495432585979088
0.18371491904343773 -0.04980005779851831
0.18615431935465 -0.050054997524406876
0.18860610975594372 -0.05030803749340919
0.19107019345483267 -0.05055913484236805
0.1935464731735117 -0.050808244107706846
0.19603485115269725 -0.051055317211391275
0.1985352291554876 -0.05130030345237624
0.20104750847124042 -0.05154314950362067
0.20357158991947055 -0.05178379941474197
0.20610737385376332 -0.052022194620369
0.20865476016571205 -0.052258273954241034
0.21121364828886624 -0.05249197366908536
0.2137839372027044 -0.05272322746229627
0.2163655254366219 -0.05295196650742311
0.2189583110739346 -0.05317811949146287
0.22156219175590608 -0.053401612657940876
0.2241770646857848 -0.053622369855748114
0.22680282663286544 -0.053840312593692964
0.2294393739365621 -0.05405536010071083
0.23208660251050173 -0.054267429391663194
0.23474440784663297 -0.054476435338644436
0.2374126850193523 -0.0546822907477029
0.24009132868964533 -0.054884906440869734
0.24278023310924657 -0.055084191343377685
0.24547929212481456 -0.05528005257593944
0.24818839918211943 -0.055472395551943755
0.25090744733025483 -0.05566112407941748
0.2536363292258541 -0.055846140467587964
0.25637493713733406 -0.05602734563787338
0.2591231629491424 -0.05620463923911414
0.26188089816603055 -0.05637791976685314
0.2646480339173338 -0.05654708468645914
0.2674244609612706 -0.05671203055988124
0.2702100696892562 -0.05687265317581344
0.2730047501302266 -0.05702884768303874
0.2758083919549841 -0.05718050872671747
0.2786208844805491 -0.05732753058737456
0.2814421166745338 -0.05746980732233673
0.2842719771595206 -0.05760723290936224
0.287110354217464 -0.057739701392202705
0.2899571357940969 -0.057867107027830274
0.29281220950335785 -0.057989344435059716
0.29567546263182565 -0.05810630874429167
0.29854678214316865 -0.0582178957481001
0.30142605468260975 -0.05832400205238473
0.30431316658139873 -0.05842452522780737
0.30720800386130187 -0.05851936396123052
0.31011045223909917 -0.058608418206875054
0.31302039713109964 -0.05869158933691549
0.3159377236576608 -0.05876878029123034
0.31886231664772713 -0.05883989572602812
0.32179406064337446 -0.05890484216107053
0.3247328399043705 -0.058963528125217136
0.3276785384127412 -0.05901586430001947
0.330631039877354 -0.0590617636610959
0.33359022773850655 -0.05910114161702337
0.3365559851725284 -0.05913391614548649
0.3395281950963951 -0.059160007926430926
0.34250674017234717 -0.05917934047197316
0.3454915028125263 -0.05919184025282606
0.34848236518361286 -0.05919743682100628
0.35147920921148246 -0.05919606292859782
0.3544819165858639 -0.05918765464235295
0.3574903687650115 -0.059172151453922225
0.3605044469803853 -0.059149496385511986
0.3635240322413371 -0.05911963609077944
0.36654900533981216 -0.05908252095078332
0.36957924685505117 -0.05903810516481975
0.3726146371583088 -0.058986346835982334
0.37565505641757246 -0.05892720805129755
0.37870038460229627 -0.05886065495629639
0.3817505014881375 -0.05878665782389535
0.3848052866617042 -0.058705191117471904
0.38786461952530926 -0.058616233548030035
0.3909283793017284 -0.05851976812536536
0.3939964450389726 -0.05841578220314946
0.3970686956150591 -0.058304267517867936
0.40014500974279654 -0.058185220221555894
0.40322526597456965 -0.05805864090829064
0.4063093427071376 -0.05792453463441065
0.4093971181864311 -0.057782910932444906
0.4124884705123619 -0.057633783818747564
0.415583277643633 -0.05747717179484638
0.41868141740255793 -0.05731309784252533
0.4217827674798844 -0.057141589412673874
0.4248872054396211 -0.05696267840794871
0.42799460872387396 -0.056776401159303685
0.4311048546576808 -0.056582798396458245
0.4342178204538587 -0.05638191521238318
0.43733338321784765 -0.05617380102189716
0.4404514199525651 -0.05595850951447544
0.4435718075632591 -0.05573609860138583
0.4466944228623697 -0.05550663035727523
0.4498191425743925 -0.05527017095634157
0.4529458433407425 -0.05502679060323599
0.4560744017246283 -0.05477656345884763
0.4592046942159209 -0.0545195675611358
0.4623365972360336 -0.054255884741179
0.46546998714279697 -0.05398560053462223
0.4686047402353435 -0.0537088040887087
0.47174073275898754 -0.05342558806509211
0.47487784091011487 -0.053136048538629334
0.4780159408410676 -0.05284028489236356
0.4811549086650324 -0.05253839970891029
0.48429462046093574 -0.052230498658465324
0.487434952278331 -0.05191669038366014
0.49057578014229586 -0.0515970863814909
0.49371698005832365 -0.05127180088255514
0.4968584280172206 -0.050940950727829636
0.5 -0.05060465524322887
0.5031415719827792 -0.050263036112182996
0.5062830199416763 -0.04991621724647744
0.5094242198577039 -0.04956432465559745
0.5125650477216688 -0.04920748631481906
0.515705379539064 -0.04884583203229187
0.5188450913349674 -0.04847949331535407
0.5219840591589324 -0.04810860323632293
0.5251221590898849 -0.04773329629799914
0.5282592672410122 -0.04735370829912402
0.5313952597646565 -0.046969976200023224
0.5345300128572028 -0.0465822379886702
0.5376634027639662 -0.046190632547396665
0.5407953057840789 -0.045795299520474425
0.5439255982753715 -0.04539637918278876
0.5470541566592573 -0.044994012309816554
0.5501808574256073 -0.04458834004912019
0.5533055771376301 -0.04417950379355831
0.5564281924367407 -0.043767645056412646
0.5595485800474347 -0.04335290534861927
0.5626666167821521 -0.042935426058289414
0.5657821795461411 -0.04251534833269499
0.568895145342319 -0.04209281296288716
0.572005391276126 -0.041667960271109604
0.5751127945603787 -0.04124093000115733
0.5782172325201154 -0.04081186121182643
0.5813185825974418 -0.04038089217358858
0.584416722356367 -0.039948160268618034
0.5875115294876379 -0.039513801894287034
0.5906028818135687 -0.03907795237023848
0.5936906572928622 -0.03864074584913469
0.5967747340254301 -0.03820231523117034
0.5998549902572035 -0.037762792082430656
0.6029313043849407 -0.037322306557163475
0.6060035549610272 -0.036880987324026594
0.6090716206982714 -0.036438961496360146
0.6121353804746905 -0.035996354566525696
0.6151947133382956 -0.0355532903443424
0.6182494985118623 -0.0351098908996434
0.6212996153977035 -0.03466627650896235
0.6243449435824275 -0.034222565606355275
0.627385362841691 -0.03377887473834974
0.6304207531449486 -0.033335318523005135
0.6334509946601878 -0.032892009613061116
0.6364759677586629 -0.032449058663138575
0.6394955530196147 -0.032006574300952745
0.6425096312349883 -0.03156466310248609
0.6455180834141361 -0.031123429571064027
0.6485207907885173 -0.030682976120265232
0.6515176348163871 -0.030243403060592904
0.6545084971874737 -0.029804808589826048
0.6574932598276526 -0.029367288786960107
0.6604718049036047 -0.02893093760964396
0.6634440148274714 -0.02849584689500918
0.6664097722614932 -0.028062106363785727
0.669368960122646 -0.027629803627588427
0.6723214615872586 -0.027199024199257533
0.6752671600956295 -0.02676985150612704
0.6782059393566255 -0.026342366906094566
0.6811376833522726 -0.025916649706358715
0.6840622763423392 -0.02549277718468716
0.6869796028689001 -0.02507082461307749
0.6898895477609008 -0.024650865283664787
0.6927919961386979 -0.0242329705367339
0.695686833418601 -0.02381720979068498
0.69857394531739 -0.023403650573806598
0.7014532178568311 -0.02299235855770177
0.7043245373681741 -0.02258339759221784
0.7071877904966419 -0.022176829741725697
0.7100428642059029 -0.021772715322597204
0.712889645782536 -0.021371112941726705
0.7157280228404792 -0.020972079535945973
0.718557883325466 -0.020575670412181068
0.7213791155194507 -0.020181939288201046
0.7241916080450159 -0.019790938333811847
0.7269952498697734 -0.019402718212347615
0.7297899303107436 -0.019017328122318038
0.7325755390387292 -0.018634815839069046
0.735351966082666 -0.018255227756321178
0.7381191018339692 -0.017878608927449087
0.7408768370508574 -0.01750500310637394
0.7436250628626659 -0.017134452787940235
0.7463636707741457 -0.016766999247655685
0.7490925526697452 -0.0164026825806759
0.7518116008178803 -0.016041541739920694
0.7545207078751854 -0.015683614573214304
0.7572197668907532 -0.01532893785934561
0.7599086713103547 -0.014977547342951997
0.7625873149806475 -0.014629477768133434
0.7652555921533668 -0.014284762910711435
0.767913397489498 -0.01394343560905229
0.7705606260634379 -0.013605527793379313
0.7731971733671343 -0.013271070513506844
0.7758229353142152 -0.012940093964932637
0.7784378082440937 -0.012612627513234068
0.7810416889260652 -0.012288699716716799
0.7836344745633781 -0.01196833834727477
0.7862160627972954 -0.011651570409422647
0.7887863517111335 -0.011338422157471833
0.7913452398342877 -0.01102891911082493
0.7938926261462365 -0.01072308606737182
0.7964284100805294 -0.010420947114975437
0.7989524915287594 -0.01012252564104211
0.8014647708445122 -0.009827844340178124
0.8039651488473027 -0.009536925219938904
0.8064535268264881 -0.009249789604684849
0.8089298065451671 -0.008966458137561834
0.8113938902440561 -0.00868695078063238
0.81384568064535 -0.00841128681318668
0.816285080956562 -0.00813948482827022
0.8187119948743447 -0.007871562727468551
0.8211263265882922 -0.0076075377139955035
0.823527980784722 -0.007347426284136104
0.8259168626504394 -0.007091244217099351
0.828292877876478 -0.006839006563341995
0.8306559326618259 -0.006590727631426577
0.8330059337171258 -0.006346420973483491
0.8353427882683597 -0.0061060993693481435
0.8376664040605122 -0.005869774809449634
0.8399766893612095 -0.005637458476530291
0.8422735529643444 -0.005409160726277134
0.844556904193674 -0.005184891066951381
0.8468266529064026 -0.004964658138102277
0.8490827094967361 -0.0047484696884559485
0.8513249848994247 -0.004536332553069532
0.8535533905932737 -0.004328252629845482
0.8557678386046423 -0.004124234855499201
0.8579682415109156 -0.003924283181076951
0.8601545124439531 -0.003728400547120683
0.8623265650935235 -0.003536588858576301
0.8644843137107057 -0.0033488489595447047
0.8666276731112801 -0.003165180607971574
0.8687565586790869 -0.002985582450375413
0.8708708863693697 -0.0028100519967095604
0.8729705727120911 -0.0026385855954559785
0.8750555348152296 -0.002471178409045508
0.877125690368052 -0.002307824389699746
0.8791809576443608 -0.002148516255787624
0.8812212555057239 -0.001993245468787552
0.8832465034046748 -0.001842002210945832
0.8852566213878947 -0.0016947753637179379
0.8872515300993669 -0.0015515524870789229
0.8892311507835118 -0.0014123197997851003
0.891195405288294 -0.0012770621606681052
0.8931442160683094 -0.0011457630510381541
0.8950775061878451 -0.001018404558271634
0.8969951993239176 -0.0008949673606540771
0.8988972197692855 -0.0007754307135469765
0.9007834924354383 -0.000659772436943126
0.9026539428555611 -0.000547968904471785
0.9045084971874737 -0.0004399950339114511
0.9063470822165471 -0.00033582427926398393
0.908169625358592 -0.0002354286244405468
0.909976054662726 -0.00013877857860520972
0.9117662988142137 -4.584317321887263e-05
0.9135402871372809 4.3410039178346534e-05
0.9152979495979063 0.00012901498441214164
0.9170392168065855 0.00021100706431608998
0.9187640200210709 0.0002894231525449593
0.9204722911490846 0.00036430158853710055
0.9221639627510076 0.0004356821696084392
0.9238389680425416 0.0005036061411640598
0.9254972408973461 0.0005681161850181083
0.9271387158496476 0.0006292564058162117
0.9287633280968262 0.000687072315559228
0.9303710135019718 0.0007416108162305002
0.9319617085964176 0.0007929201805332743
0.933535350582245 0.0008410500307484086
0.9350918773347627 0.0008860513157264142
0.9366312274049602 0.0009279762860316581
0.9381533400219317 0.0009668784672599126
0.9396581550952783 0.0010028126315543115
0.9411456132174767 0.0010358347673477208
0.9426156556662275 0.0010660020473633426
0.9440682244067724 0.0010933727949080775
0.9455032620941839 0.0011180064484965309
0.946920712075632 0.001139963524846455
0.948320518392618 0.0011593055802889961
0.9497026257831855 0.001176095170640141
0.9510669796841014 0.0011903958095819485
0.9524135262330098 0.0012022719256047862
0.9537422122705586 0.0012117888175639012
0.9550529853424978 0.0012190126089058288
0.9563457937017514 0.001224010200622069
0.9576205863104588 0.001226849222989255
0.9588773128419907 0.0012275979861567517
0.9601159236829351 0.0012263254296440596
0.9613363699350574 0.0012231010708118261
0.962538603417229 0.001217994952371437
0.9637225766673305 0.0012110775889992396
0.9648882429441255 0.0012024199131223838
0.9660355562291054 0.001192093219944016
0.9671644712283058 0.0011801691117762259
0.9682749433740963 0.001166719441749595
0.9693669288269369 0.0011518162569686462
0.9704403844771126 0.0011355317411825565
0.9714952679464322 0.0011179381570408191
0.9725315375899024 0.0010991077880032746
0.9735491524973721 0.0010791128799739445
0.9745480724951472 0.0010580255827277462
0.9755282581475768 0.0010359178911988406
0.9764896707586093 0.0010128615866988253
0.9774322723733215 0.0009889281781323526
0.9783560257794153 0.0009641888432772571
0.9792608945086878 0.000938714370195137
0.9801468428384714 0.0009125750988378153
0.9810138357930429 0.0008858408629139499
0.9818618391450049 0.000858580932079005
0.9826908194166368 0.0008308639545107992
0.9835007438812176 0.0008027578999315335
0.9842915805643155 0.0007743300031361741
0.9850632982450529 0.0007456467080853994
0.9858158664573369 0.0007167736126204106
0.9865492554910631 0.0006877754138551437
0.9872634363932886 0.0006587158543001904
0.9879583809693737 0.0006296576687712592
0.9886340617840967 0.0006006625321332524
0.9892904521627359 0.0005717910079299621
0.9899275261921234 0.0005431024979473498
0.990545258721667 0.0005146551927572261
0.9911436253643444 0.0004865060232861397
0.9917226024976649 0.0004587106134532008
0.9922821672646027 0.0004313232339184245
0.9928222975744989 0.0004043967569821038
0.993342972103934 0.00037798261267367244
0.9938441702975689 0.0003521307460673372
0.994325872368957 0.00032688957585983797
0.9947880593013254 0.0003023059542443293
0.9952307128483255 0.0002784251281128392
0.9956538155347534 0.0002552907016180837
0.9960573506572388 0.0002329446001240777
0.9964413022849068 0.00021142703557315817
0.9968056552600042 0.00019077647329625075
0.9971503951984995 0.000171029600290778
0.9974755084906501 0.00015222129499008842
0.99778098230154 0.0001343845985463586
0.9980668045715864 0.0001175506876476602
0.9983329640170149 0.00010174884888873155
0.9985794501303069 8.700645471318223e-05
0.9988062531806126 7.334894094429338e-05
0.9990133642141359 6.079978591948339e-05
0.9992007750544876 4.938049124294298e-05
0.9993684783030088 3.911056416918036e-05
0.9995164673390624 3.0007501629506704e-05
0.9996447363202945 2.2086775911846108e-05
0.9997532801828659 1.5361822003313125e-05
0.99984209464165 9.84402660407228e-06
0.9999111761904045 5.542718819088517e-06
0.9999605221019081 2.4651625344110722e-06
0.9999901304280685 6.165504824238185e-07
1 0
